,Year,MovieId,Name
0,2022,21945,緊急迫降
1,2022,22241,機密同盟2
2,2022,23147,音爆浩劫
3,2022,22479,樂透大作戰
4,2022,21736,魔女二部曲：另一個她
5,2022,21615,嬰兒轉運站
6,2022,21222,犯罪都市2
7,2022,21858,外星+人
8,2022,22473,行動代號：狼狩獵
9,2022,22113,獵首密令
10,2022,22239,語意錯誤電影版
11,2022,21763,分手的決心
12,2022,20398,極速快遞
13,2022,22925,局中局
14,2022,20981,SEVENTEEN POWER OF LOVE : THE MOVIE
15,2022,23015,厄憶追凶
16,2022,18813,金派特務
17,2022,20553,PHANTOM: THE MUSICAL FILM
18,2022,22004,韓山島海戰
19,2022,23248,晝盲神探
20,2022,23206,NCT DREAM THE MOVIE : In A DREAM
21,2022,23216,整形帝王
22,2022,21779,邪門
23,2022,21823,非常殺手
24,2022,20110,獵魂者
25,2022,9051,燃燒烈愛
26,2022,20335,緣來大飯店
27,2022,23214,失控正義
28,2022,23362,共感頻率
29,2022,20402,無間對決
30,2022,22653,人生真美麗
31,2022,22221,界限
32,2022,21160,空氣殺人
33,2022,22628,政客誠實中2
34,2022,18829,衝鋒戰士劇場版：翁法洛斯島的秘密
35,2022,20749,奇怪的數學家
36,2022,20942,超跑斯特拉
37,2022,21164,死亡預報
38,2022,23390,碰碰狐音樂電影:奇幻城嘉年華
39,2022,23199,王者製造
40,2022,23364,花路阿朱媽
41,2022,20633,遊走塵市間
42,2022,20778,為人民服務
43,2022,22818,笑子當老大
44,2022,20661,茲山魚譜
45,2022,20473,亡命陷阱
46,2022,18817,引言
47,2022,20994,春川神秘中邪事件
48,2022,18794,無人之境
49,2022,20555,在你面前
50,2022,23146,小說家電影
51,2022,20801,阿爸休假中
52,2022,22754,時間之舞
53,2022,23154,閨蜜大狂殺
54,2022,19991,花果飄零
55,2022,19811,浮生
56,2022,22858,海鷗來過的房間
57,2022,21384,黎巴嫩的天空
58,2022,22111,聽見心嘻望
59,2022,18924,瑪雅蜜蜂大冒險：守護小金蛋
60,2022,21265,PINA
61,2022,21031,詭棋
62,2022,22172,米婭的精靈王國
63,2022,20589,再見列寧！
64,2022,21857,非戀人絮語
65,2022,21664,永別了，柏林
66,2022,21214,自然就樹美
67,2022,20534,我是你的完美男友
68,2022,22432,逃出風暴
69,2022,20223,鄰危不亂
70,2022,22515,趴兔青春期
71,2022,20134,指考風暴
72,2022,21746,泳漾水男孩
73,2022,21236,熟女解放中
74,2022,20103,騎趣環世界
75,2022,18291,型男斷捨離
76,2022,19920,人性遊戲
77,2022,23290,蘿拉快跑
78,2022,22270,危雞總動員
79,2022,19372,達賴喇嘛:大腦故事 
80,2022,21998,請為我在羅馬多留一天
81,2022,20313,非甜蜜生活
82,2022,20872,真愛超能力
83,2022,21789,洞
84,2022,21263,愛在書店相遇時
85,2022,21352,隔離巢
86,2022,20239,戰地夜曲
87,2022,22877,星夢性快感
88,2022,21045,阿哈：帶我走
89,2022,22739,瑞士鐘錶師
90,2022,22523,女孩與蜘蛛
91,2022,21919,妖街皇后
92,2022,20556,愛你讓我自由
93,2022,21659,黑貓白貓：4K數位修復版
94,2022,22648,替屍鬼2：詛咒再臨
95,2022,20460,鬼電梯
96,2022,20975,越驚
97,2022,20929,祖怨
98,2022,22309,迷霧中的孩子
99,2022,19408,逃出奧斯威辛
100,2022,22895,喬治亞天空下 
101,2022,20336,慕夏狂潮：從崛起到永恆
102,2022,19627,勇鼠闖天堂
103,2022,21740,浪浪回家路
104,2022,21626,野蠻人入侵
105,2022,18629,亞馬遜守護者：安珀傳奇
106,2022,21223,格列佛遊記：重返小人國
107,2022,22198,沒有煙硝的日子
108,2022,20265,2gether電影版：只因我們天生一對
109,2022,21115,猛鬼大學：第2學期
110,2022,21436,鬼單眼
111,2022,20654,凝弒
112,2022,23289,魔蟲禁區
113,2022,21210,淒厲人僧：卡到陰
114,2022,23085,愛情需要編劇
115,2022,21066,愛在暹邏：數位經典版
116,2022,20314,記憶
117,2022,20413,波米叔叔的前世今生
118,2022,22110,超級蜥蜴王
119,2022,20365,世界上最爛的人
120,2022,21974,愛重奏
121,2022,22265,詭孩
122,2022,19764,忍者寶寶
123,2022,20672,秋月
124,2022,19859,梅艷芳
125,2022,19159,怒火
126,2022,20822,神探大戰
127,2022,16476,麥路人
128,2022,21732,花樣年華 4K數位修復版
129,2022,7331,春光乍洩
130,2022,20716,重慶森林 4K數位修復版
131,2022,18149,墮落天使  4K數位修復版
132,2022,9993,阿飛正傳
133,2022,20763,胭脂扣
134,2022,22420,飯戲攻心
135,2022,22876,智齒
136,2022,20565,少年
137,2022,20343,G風暴
138,2022,20702,阮玲玉
139,2022,20741,英雄本色
140,2022,21747,闔家辣
141,2022,10916,霸王別姬
142,2022,22182,媽的星寵兒
143,2022,21786,七人樂隊
144,2022,22631,憂鬱之島
145,2022,21047,邊緣行者
146,2022,20697,秋天的童話
147,2022,21801,繼園臺七號
148,2022,23391,正義迴廊
149,2022,21812,美少年之戀
150,2022,21517,喜歡妳是妳
151,2022,22231,一路瞳行
152,2022,23317,無間道
153,2022,22434,失衡凶間
154,2022,22085,玫瑰的故事
155,2022,21978,流金歲月
156,2022,22435,心裏美
157,2022,20671,愛在他鄉的季節
158,2022,21123,海上花
159,2022,20673,遇上1967的女神
160,2022,23367,無間道II
161,2022,23349,無間道III：終極無間
162,2022,23339,過時·過節
163,2022,20410,出租女友
164,2022,22758,流浪者之歌
165,2022,22755,卡拉之歌
166,2022,20515,時代革命
167,2022,15965,末代皇帝（數位修復版）
168,2022,21389,們
169,2022,7689,發條橘子
170,2022,22525,瘋狂富作用
171,2022,21017,鯊顫
172,2022,20802,餐廳失控夜
173,2022,22117,士兵與軍官
174,2022,21312,伊恩•麥克連 80歲個人秀巡迴演出（英國國家劇院現場）
175,2022,20693,極限逃殺
176,2022,22611,如果驢知道
177,2022,19272,算牌手
178,2022,21758,法蘭克札帕：從前衛到當代
179,2022,21906,我們的英搖時光
180,2022,20076,愛上費加洛
181,2022,21268,羅密歐與茱麗葉（英國國家劇院現場）
182,2022,18530,裸體午餐
183,2022,23342,初步舉證
184,2022,14480,超速性追緝
185,2022,21515,利奥波德城（英國國家劇院現場）
186,2022,22260,性愛成癮的男人
187,2022,22407,丹尼爾約翰斯頓：魔鬼詩篇
188,2022,14021,遮蔽的天空
189,2022,20827,瑪莉娜的512小時
190,2022,20418,波西米亞人（英國皇家歌劇院）
191,2022,20519,馬克白（英國皇家歌劇院）
192,2022,11227,山那邊的青稞田
193,2022,23320,夢迴西藏：軍官與達賴喇嘛
194,2022,21869,偷香 數位修復版
195,2022,20337,曼儂‧雷斯科（英國皇家歌劇院）
196,2022,22880,大製片家
197,2022,20291,毫無意義
198,2022,20293,兩情世界
199,2022,20292,打擊驚魂
200,2022,20290,小心女人
201,2022,21117,捍衛戰士: 獨行俠
202,2022,20189,蜘蛛人：無家日
203,2022,23322,阿凡達：水之道
204,2022,21161,侏羅紀世界: 統霸天下
205,2022,19885,永恆族
206,2022,23049,黑豹 2：瓦干達萬歲
207,2022,21054,奇異博士2：失控多重宇宙
208,2022,21741,雷神索爾：愛與雷霆
209,2022,20277,金牌特務：金士曼起源
210,2022,19639,猛毒2：血蜘蛛
211,2022,19182,沙丘
212,2022,19468,007 生死交戰
213,2022,19150,尚氣與十環傳奇
214,2022,22676,黑亞當
215,2022,20810,小小兵2:格魯的崛起
216,2022,20587,蝙蝠俠
217,2022,20863,怪獸與鄧不利多的秘密
218,2022,21777,子彈列車
219,2022,20539,秘境探險
220,2022,18984,脫稿玩家
221,2022,20828,媽的多重宇宙
222,2022,20215,駭客任務：復活
223,2022,20484,月球隕落
224,2022,19984,惡靈古堡首部曲：拉昆市
225,2022,20786,魔比斯
226,2022,18891,黑寡婦
227,2022,21422,巴斯光年
228,2022,20470,尼羅河謀殺案
229,2022,20050,魔法滿屋
230,2022,22373,微笑
231,2022,20210,歡樂好聲音 2
232,2022,20748,失落謎城
233,2022,21742,雷神索爾：愛與雷霆
234,2022,20580,劫命救護
235,2022,21821,孤兒怨2：最黑暗的過去
236,2022,20212,GUCCI：豪門謀殺案
237,2022,20635,壞蛋聯盟
238,2022,18983,汪汪隊立大功電影版
239,2022,22355,幸福入場券
240,2022,20820,音速小子 2
241,2022,22663,五星饗魘
242,2022,18759,厲陰宅3：是惡魔逼我的
243,2022,22416,阿凡達 
244,2022,21896,不!
245,2022,21837,DC超級寵物軍團
246,2022,18014,捍衛救援
247,2022,18846,路卡的夏天
248,2022,19955,魔鬼剋星：未來世
249,2022,20403,夜路
250,2022,21582,貓王艾維斯
251,2022,19688,法蘭西特派週報
252,2022,18925,寶貝老闆：家大業大
253,2022,22337,墜
254,2022,18816,殺手保鑣2
255,2022,23155,決戰38度線
256,2022,20582,黑光行動
257,2022,18866,密弒遊戲2：勝者危亡
258,2022,19161,疾厄
259,2022,22879,鬼禱
260,2022,20241,闇黑電話
261,2022,20925,超吉任務
262,2022,7858,以你的名字呼喚我
263,2022,20104,哈利波特：神秘的魔法石
264,2022,18958,暫時停止呼吸2
265,2022,18824,疾凍救援
266,2022,23153,暴戾夜
267,2022,20294,355：諜影特攻
268,2022,19817,天兵阿榮
269,2022,23138,奇異冒險 
270,2022,20240,驚聲尖叫
271,2022,19964,迷離夜蘇活
272,2022,19786,王者理查
273,2022,21867,沼澤謀殺案
274,2022,22530,阿姆斯特丹
275,2022,19308,月光光新慌慌：萬聖殺
276,2022,18430,夢想之地
277,2022,20137,阿達一族 2
278,2022,22195,拉辛正傳
279,2022,19919,大紅狗克里弗
280,2022,22245,別擔心親愛的
281,2022,20982,記憶殺神
282,2022,22652,月光光新慌慌：萬聖結
283,2022,19783,史賓賽
284,2022,23144,鞋貓劍客 2
285,2022,22924,骨肉的總和
286,2022,22115,三千年的渴望
287,2022,22476,哥兒們
288,2022,19657,鹿魔
289,2022,19539,最後的決鬥
290,2022,22242,看你往哪跑
291,2022,20362,西城故事
292,2022,21942,獸
293,2022,22328,捍衛戰士
294,2022,21719,喜悅：達賴喇嘛遇見屠圖主教
295,2022,20459,娶我吧!
296,2022,22116,世紀婚魘
297,2022,21930,天黑請斃命
298,2022,9023,2001太空漫遊
299,2022,20394,王牌冤家
300,2022,22397,毛骨悚然：惡魔重生
301,2022,20356,死間行動
302,2022,22308,刀鋒劍客
303,2022,9986,鬼店
304,2022,20770,救命緝約
305,2022,23321,與你共舞
306,2022,22222,蜘蛛人：無家日 戲院加長版
307,2022,23084,她有話要說
308,2022,19659,達賴的一生
309,2022,22651,天劫高手
310,2022,20659,絕命通話
311,2022,17499,說不出的告別
312,2022,20660,貝爾法斯特
313,2022,20235,黑特冤家
314,2022,22679,驚爆倒數60分鐘
315,2022,20363,看不見的殺機
316,2022,22963,絕命線阱
317,2022,21033,驅神
318,2022,20528,逍遙上路
319,2022,6252,八月三十一日，我在奧斯陸
320,2022,23128,俠探特攻：全面追緝
321,2022,20554,終極堡壘
322,2022,20472,終極攻佔
323,2022,18735,金甲部隊
324,2022,19690,地球重生
325,2022,18693,獵殺戰場
326,2022,19241,生命理賠師
327,2022,23286,俠探特攻：贖罪行動
328,2022,20848,玩命獵殺
329,2022,20143,完美的敵人
330,2022,21306,大開眼戒
331,2022,21388,午後彌撒 
332,2022,20211,危城行動
333,2022,20713,劫獄救援
334,2022,20861,終極交戰
335,2022,18707,齊瓦哥醫生
336,2022,20681,全面掃蕩
337,2022,23311,朝聖之路：聖雅各
338,2022,20561,詭謎藏
339,2022,21802,殺戮基地
340,2022,19475,爽賺姐妹
341,2022,20458,情聖西哈諾
342,2022,19601,四個好日子
343,2022,20736,心碎效應
344,2022,19921,蘿莉塔
345,2022,21116,探戈行不行
346,2022,20930,終極夜路
347,2022,20809,終極包圍戰
348,2022,20560,通靈女校
349,2022,21180,進擊的地才
350,2022,20735,投機者樂團：愛的鼓勵
351,2022,20217,終極狩獵團
352,2022,20992,公共圖書館員
353,2022,20761,盜夢睡務員
354,2022,21172,最後的生存者
355,2022,23014,鱷魚歌王
356,2022,22714,終極堡壘2
357,2022,20486,BJ單身日記
358,2022,19318,美國舞孃
359,2022,19383,異類崛起
360,2022,20384,魔境夢遊
361,2022,20192,殲獄行動
362,2022,22959,貓爸爸們
363,2022,21035,超級救援狗
364,2022,20605,藝術恐怖份子 班克斯
365,2022,21038,深海獵奇
366,2022,20714,圓滾滾藝術家-費爾南多·波特羅
367,2022,21040,馬達加斯加：狐猴之島
368,2022,21039,最後的冰川
369,2022,17975,不可侵犯：溫斯坦性醜聞
370,2022,14586,為所應為
371,2022,21041,哈勃望遠鏡
372,2022,21036,小行星獵人
373,2022,21037,回歸野性
374,2022,23288,海底世界
375,2022,23287,大熊貓
376,2022,23217,高原上的家屋
377,2022,1691,地下社會
378,2022,18745,鬼保母
379,2022,20692,絕命第19排
380,2022,19136,致命最前線
381,2022,21173,逃出封鎖線
382,2022,18792,心悸效應
383,2022,22404,大尉叛逃記
384,2022,22524,獵空計畫
385,2022,20568,核爆車諾比
386,2022,5643,鏡子
387,2022,5666,潛行者
388,2022,21155,月影歸途
389,2022,21221,鬼雙胞
390,2022,20414,反恐行動：獨立日
391,2022,21380,當女孩戀愛時
392,2022,21163,孵魔
393,2022,21706,朵貝的愛情繪本
394,2022,21536,不看鐵達尼號的男人
395,2022,21528,拜金女王的性愛派對
396,2022,20457,機遇之歌：數位修復版
397,2022,21888,大獲拳勝
398,2022,21365,永遠的一天
399,2022,21363,鸛鳥踟躕
400,2022,15103,燃燒女子的畫像
401,2022,21920,蝙狐俠：英雄覺醒
402,2022,19696,天才貓奴畫家
403,2022,20184,黑盒線索
404,2022,19894,鈦
405,2022,21995,正發生
406,2022,2813,藍色情挑 經典數位修復
407,2022,22349,死噬
408,2022,2815,紅色情深 經典數位修復
409,2022,2814,白色情迷 經典數位修復
410,2022,20489,今敏：造夢魔術師
411,2022,22243,小獅子王
412,2022,20943,親愛的童伴
413,2022,20873,友你才精彩
414,2022,22183,拆彈倒數30分鐘
415,2022,21809,席琳狄翁外傳：愛的力量
416,2022,20530,艾菲爾情緣
417,2022,21717,失業風暴
418,2022,21019,好好說再見
419,2022,21514,一屍到底：法屍浪漫
420,2022,20454,最後一件晚禮服的秘密
421,2022,21863,就在今夜
422,2022,3350,玩命光頭
423,2022,20300,柏格曼的島
424,2022,20485,巴黎夢想家
425,2022,20364,天堂計劃
426,2022,21046,失速母親
427,2022,19858,密室譯戰
428,2022,19952,尋子風暴
429,2022,20399,我的神秘狼朋友
430,2022,21866,春日小戀曲
431,2022,21810,降臨節日曆
432,2022,2224,雙面薇若妮卡 經典數位修復
433,2022,21796,烈火少女（英文版）
434,2022,21311,來自巴黎的情書
435,2022,22356,消失的達文西
436,2022,10963,全面開戰
437,2022,4575,四百擊
438,2022,21824,一萬個叢林夜
439,2022,21862,瑪歌皇后 數位修復版
440,2022,22741,書情話慾
441,2022,23265,有你就是家
442,2022,6630,斷了氣
443,2022,21440,越界分身
444,2022,20395,情慾告白
445,2022,19093,破碎的琴鍵
446,2022,20136,夏日之戀
447,2022,10331,影像之書
448,2022,19731,仰望星空的少年
449,2022,20406,豪門媳婦日記
450,2022,20963,藍色是最溫暖的顏色
451,2022,20169,最後地下鐵
452,2022,20124,喀布爾之燕
453,2022,20862,屠女養成記
454,2022,20177,幸福知音
455,2022,23375,美好的早晨
456,2022,20712,安妮詩快跑
457,2022,22650,真實世界
458,2022,4469,阿爾發城
459,2022,22740,抓狂養老院
460,2022,19224,狂人皮耶洛
461,2022,22173,她和她的小主廚們
462,2022,22756,賴活
463,2022,23275,芳名卡門
464,2022,23274,我所知道她的二三事
465,2022,23386,男性，女性
466,2022,20451,執愛不悔
467,2022,21993,夜色中的她
468,2022,20803,破膽三次
469,2022,22901,索蘭琪的少女心事
470,2022,17254,追憶似水年華 數位修復版
471,2022,21355,往事追憶錄
472,2022,21356,蓋爾芒特家情事
473,2022,938,衡量一個人
474,2022,21660,一路上有妳
475,2022,20928,築愛巴黎
476,2022,21360,塞瑟島之旅
477,2022,21366,希臘二部曲：時光灰燼
478,2022,21359,獵人
479,2022,21364,尤里西斯生命之旅
480,2022,21361,養蜂人
481,2022,21362,霧中風景
482,2022,19922,夢想裁縫師
483,2022,21357,三六年的歲月
484,2022,21358,流浪藝人
485,2022,20579,平行母親
486,2022,20596,丟包大作戰
487,2022,20289,瘋狂競賽片
488,2022,19857,雙子謀殺案：白城之寂
489,2022,23122,放牛班足球隊
490,2022,23198,湯恩與劍客汪汪隊
491,2022,22893,遺屍物
492,2022,19205,蝸牛之家
493,2022,18538,瀕臨崩潰邊緣的女人 經典數位修復
494,2022,18469,慾望法則 經典數位修復
495,2022,18737,我造了什麼孽 經典數位修復
496,2022,20527,櫻櫻大日本
497,2022,18761, 修女夜難熬 經典數位修復
498,2022,20941,米其林母子檔
499,2022,23188,梵天神器：滅世開端
500,2022,21709,偉大的印度廚房
501,2022,20903,天堂電影院
502,2022,23338,鬼搖靈2：陰語陣陣
503,2022,21307,娜娜：逝水年華
504,2022,20652,懾影屍
505,2022,20962,忌妒的藍圖
506,2022,20952,親愛的母親
507,2022,20191,天菜特警
508,2022,20728,何處是我朋友的家？
509,2022,21021,櫻桃的滋味 數位修復版
510,2022,20804,橄欖樹下的情人
511,2022,20758,生生長流
512,2022,20632,我不是英雄
513,2022,21032,風帶著我來 數位修復版
514,2022,22196,贖罪風暴
515,2022,4035,禁止下錨+海中網+妹妹+庭中有奇樹
516,2022,20740,沉默呼聲
517,2022,20201,麥特與麥斯
518,2022,21838,未來犯罪
519,2022,19092,親情解鎖
520,2022,20386,他奶奶的變裝皇后
521,2022,20683,藥命回憶
522,2022,22307,怪胎英雄：奇克探險記
523,2022,17368,鬼滅之刃劇場版 無限列車篇
524,2022,20591,劇場版 咒術迴戰 0
525,2022,21991,航海王劇場版 : 紅髮歌姬
526,2022,21383,名偵探柯南 萬聖節的新娘
527,2022,19722,刀劍神域劇場版 –Progressive- 無星夜的詠嘆調 
528,2022,22751,刀劍神域劇場版 –Progressive- 陰沉薄暮的詼諧曲
529,2022,21864,蠟筆小新：幽靈忍者珍風傳
530,2022,17110,紫羅蘭永恆花園電影版
531,2022,13730,普羅米亞
532,2022,19157,蠟筆小新：謎案！天下春日部學院的怪奇事件
533,2022,23197,關於我轉生變成史萊姆這檔事劇場版 紅蓮之絆篇
534,2022,21385,餘命10年
535,2022,20610,神隱少女
536,2022,19389,我的英雄學院劇場版：世界英雄任務
537,2022,21718,角落小夥伴電影版：藍色月夜的魔法之子
538,2022,9977,龍貓
539,2022,23148,通往夏天的隧道，再見的出口
540,2022,22194,七龍珠超：超級英雄
541,2022,20879,電影版 如果30歲還是處男，似乎就能成為魔法師
542,2022,21625,電影哆啦A夢：大雄的宇宙小戰爭 2021
543,2022,22232,新‧超人力霸王
544,2022,16420,藍色恐懼：4K數位修復版
545,2022,20279,在車上
546,2022,22878,天空之城
547,2022,22020,電影版 搖曳露營△ 
548,2022,19787,嵐 5x20演唱會電影～回憶全記錄～
549,2022,23365,輝夜姬想讓人告白－永不結束的初吻
550,2022,21928,擅長捉弄人的高木同學劇場版
551,2022,21973,劇場版 五等分的新娘
552,2022,22962,即使，這份戀情今晚會從世上消失
553,2022,22380,破案天才伽利略：沉默的遊行
554,2022,20405,《屁屁偵探: 舒芙蕾島的秘密》
555,2022,20057,Fate/Grand Order -終局特異點 冠位時間神殿所羅門-
556,2022,20264,名偵探柯南：大怪獸哥梅拉VS假面超人
557,2022,17129,《少女與戰車 最終章》第1+2話
558,2022,16758,東京教父:4K數位修復版
559,2022,20105,寶可夢：皮卡丘與可可的冒險 
560,2022,19895,我讓最想被擁抱的男人給威脅了 劇場版～西班牙篇～
561,2022,19687,偶然與想像
562,2022,21310,劇場版FREE! 男子游泳部–the Final Stroke–後篇
563,2022,22788,迴咒師ー塩子的誕生
564,2022,19000,《少女與戰車 最終章》 第3話
565,2022,13292,劇場版 歌之☆王子殿下♪真愛KINGDOM
566,2022,19766,假面飯店2：假面之夜 
567,2022,23463,灌籃高手 THE FIRST SLAM DUNK
568,2022,20415,劇場版FREE! 男子游泳部–the Final Stroke–前篇
569,2022,23115,劇場版 歌之☆王子殿下♪ 真愛ST☆RISH TOURS
570,2022,22230,犬王
571,2022,20535,電影版 昨日的美食
572,2022,21065,電影版 99.9 不可能的翻案
573,2022,20355,讓我聽見愛的歌聲
574,2022,20762,電影版 DEEMO 櫻色旋律 —你所彈奏的琴音 至今仍在迴響—
575,2022,20186,魔仿犯
576,2022,22512,極速甩尾
577,2022,20669,魔法水果籃 -前奏曲-
578,2022,21237,牛首村
579,2022,21941,北齋：浮世繪傳奇
580,2022,21790,特『刀劍亂舞-花丸-』～雪之卷～
581,2022,22003,電影版 奇巧計程車：撲朔謎林
582,2022,18774,花束般的戀愛
583,2022,23249,天使降臨到我身邊！珍貴的朋友
584,2022,20780,假面騎士劇場版　對決！超越新世代
585,2022,22408,特『刀劍亂舞-花丸-』～華之卷～
586,2022,22167,特『刀劍亂舞-花丸-』～月之卷～
587,2022,18319,青春電幻物語：數位修復版
588,2022,20744,急急復雞雞
589,2022,20684,尋人啟弒
590,2022,22114,劇場版 超時空要塞F~虛空歌姬~
591,2022,20170,GIVEN~被贈與的未來 劇場版：反面的存在
592,2022,19852,詛咒
593,2022,20766,愛國女子─紅武士道
594,2022,20715,接棒家族
595,2022,20631,燃燒的劍
596,2022,22511,信用詐欺師JP：英雄篇
597,2022,22229,劇場版 超時空要塞F~戀離飛翼~
598,2022,20229,電影 K-ON！輕音部
599,2022,21058,輪到你了 劇場版 
600,2022,20541,那些得不到保護的人
601,2022,22005,如月車站
602,2022,21537,螢火蟲之墓
603,2022,22378,電影版 後空翻少年!!
604,2022,19264,鹿王
605,2022,19896,超慄方殺陣
606,2022,22174,極道主夫 電影版
607,2022,20993,漁港的肉子
608,2022,14034,今天也要用便當出擊
609,2022,21441,再見了，橡果兄弟！－奇蹟的暑假－
610,2022,22197,萌男友是柑橘色
611,2022,20374,花與愛麗絲：數位修復版
612,2022,20520,夏日幽靈
613,2022,21627,xxxHOLiC 次元魔女
614,2022,20047,青春特調蜂蜜檸檬蘇打
615,2022,21933,末日救世主
616,2022,22960,天才狂歡派對：首部曲
617,2022,21710,婚顧女王
618,2022,21929,七五計劃
619,2022,9952,睡著也好醒來也罷
620,2022,21589,怪獸死了怎麼辦
621,2022,21707,太陽與波麗露
622,2022,20301,鳩的擊退法
623,2022,22350,Ｎ号棟鬧鬼
624,2022,22801,大逃殺 4K數位修復版
625,2022,22431,春心萌動的老屋緣廊
626,2022,23040,葬禮
627,2022,22504,麵包超人電影版：多洛林與妖怪嘉年華
628,2022,23041,蒲公英
629,2022,22228,河畔小日子
630,2022,20918,決戰星期天
631,2022,22474,流浪之月
632,2022,18228,歡樂時光（上）
633,2022,18705,燕尾蝶：數位經典版
634,2022,20529,垃圾頭
635,2022,22961,天才狂歡派對：最終章
636,2022,20552,魔神英雄傳 七魂的龍神丸 -再會-
637,2022,23363,劇場版 弦音 ─初始的一射─
638,2022,23384,TANG
639,2022,22508,救救旱鴨子
640,2022,18231,歡樂時光（下）
641,2022,20125,電影版 狂賭之淵2：絕體絕命俄羅斯輪盤
642,2022,23401,邪惡的孩子
643,2022,20101,沒說出口的殺人告白
644,2022,23187,還有愛的日子
645,2022,23107,性徒
646,2022,20779,妖獸都市1987 劇場版
647,2022,20983,鳶
648,2022,23192,線，畫出的我
649,2022,20919,第一人夫
650,2022,20653,輝耀姬物語
651,2022,21386,熊貓家族+熊貓家族 - 雨中的馬戲團
652,2022,21354,龍馬！新生網球王子劇場版（決勝版）
653,2022,21382,龍馬！新生網球王子劇場版（榮耀版）
654,2022,20696,Fate/stay night - 無限劍製
655,2022,19788,劇場版信號：長期未解決事件搜查班
656,2022,21315,偷情連載中
657,2022,20936,兒時的點點滴滴
658,2022,21393,噪音
659,2022,22503,調職令是警察樂隊！
660,2022,21350,劇場版「黃金拼圖Thank you！！」
661,2022,20865,海岬的迷途之家
662,2022,21020,平成狸合戰 
663,2022,20295,月影
664,2022,23264,魔幻時刻
665,2022,20193,四季拉麵物語
666,2022,22532,魚之子
667,2022,20951,露草
668,2022,19061,總編的復仇
669,2022,22882,好想傳達你的聲音
670,2022,22244,我想被高中女生殺死
671,2022,21624,只是現在不走運而已
672,2022,23114,修羅天魔~骷髏城之七人．極 （新感線舞台劇）
673,2022,18685,告白
674,2022,20699,聖地X
675,2022,18812,瀧澤歌舞伎 ZERO 2020 THE MOVIE
676,2022,22421,戀之光 
677,2022,22902,錯位的青春
678,2022,22802,幽靜的山荷葉
679,2022,22533,每天上班總是累得要死
680,2022,19954,由宇子的天秤
681,2022,20726,如果30歲還是處男，似乎就能成為魔法師【後篇】
682,2022,20759,對某飛行員的追憶
683,2022,20727,如果30歲還是處男，似乎就能成為魔法師【前篇】
684,2022,20823,隔壁的山田君 
685,2022,23262,鬼壓床了沒
686,2022,21780,在我和天空之間
687,2022,22423,青凪大學體育會航空部劇場版
688,2022,20824,臥底型警FINAL
689,2022,18704,相撲道
690,2022,20609,我的夏日大戀習
691,2022,22881,通往異世界的便利店
692,2022,21994,美國女孩的日本日記
693,2022,23416,心情直播不NG
694,2022,19908,說不出口的愛
695,2022,21381,神隱少年狼
696,2022,20533,夢境診斷與恐怖體驗
697,2022,23222,有頂天大飯店
698,2022,6711,東京物語
699,2022,20675,晚春
700,2022,23186,戀上笨拙的你
701,2022,23218,愛情在車上
702,2022,20707,國士無雙
703,2022,22738,天堂髮廊
704,2022,23193,無法無天
705,2022,20729,漂浪人生
706,2022,18749,《爆裂戰警》
707,2022,3401,河北臺北+講話沒有在聽
708,2022,19269,月老
709,2022,20646,咒
710,2022,18190,聽見歌 再唱
711,2022,20477,我吃了那男孩一整年的早餐
712,2022,12489,五月天 人生無限公司
713,2022,22531,流麻溝十五號
714,2022,19183,瀑布
715,2022,20670,少年吔
716,2022,21822,民雄鬼屋
717,2022,20725,頭七
718,2022,23355,想見你
719,2022,20175,素還真
720,2022,19357,美國女孩
721,2022,22671,罪後真相
722,2022,20312,噩兆
723,2022,22659,你在我心上
724,2022,21785,哈勇家
725,2022,20921,少年吔，安啦！
726,2022,19729,一杯熱奶茶的等待
727,2022,22082,科學少女
728,2022,20354,初戀慢半拍
729,2022,19630,再說一次我願意
730,2022,15629,男人與他的海
731,2022,20817,我心我行
732,2022,21165,神人之家
733,2022,22268,童話·世界
734,2022,21119,一家子兒咕咕叫
735,2022,19319,青春弒戀
736,2022,19608,該死的阿修羅
737,2022,19065,魔法阿媽 4K數位修復版
738,2022,19662,售命
739,2022,10375,一家之主
740,2022,22660,小藍
741,2022,19402,鱷魚
742,2022,20005,尋找神話之鳥
743,2022,21915,他還年輕
744,2022,21233,台灣男子葉石濤
745,2022,20711,女優 摔吧！
746,2022,20531,野夏天
747,2022,20176,諸葛四郎─英雄的英雄
748,2022,14496,不想一個人
749,2022,17116,嗨！神獸
750,2022,20052,有你相伴的旅程
751,2022,17799,愛別離苦
752,2022,20643,青春換日線
753,2022,19064,廢棄之城
754,2022,18755,老鷹之手
755,2022,20521,藏匿處
756,2022,21174,孫行者傳
757,2022,19400,回眸
758,2022,22108,大俠胡金銓 第一部曲—先知曾經來過
759,2022,21825,舞徑
760,2022,19320,沒有人該成為孤島
761,2022,20203,妖果小學─水果奶奶的大秘密
762,2022,14720,期末考
763,2022,22084,大俠胡金銓 第二部曲—斷腸人在天涯
764,2022,20051,兜兜風
765,2022,18424,徘徊年代
766,2022,16508,逆者
767,2022,19957,高山上的熱氣球
768,2022,20805,再會啦  白宮
769,2022,21080,教練
770,2022,18306,詭祭
771,2022,19987,願未央
772,2022,19122,影子背後
773,2022,20920,給阿媽的一封信
774,2022,21179,費爾的旅程
775,2022,17831,削瘦的靈魂
776,2022,20053,我記得
777,2022,17487,修行
778,2022,18796,文林銀行
779,2022,22372,臥虎藏龍
780,2022,22011,孫行者傳
781,2022,21748,KULO
782,2022,21200,夏日天空的那匹紅馬
783,2022,21239,還孩子做自己
784,2022,21921,我永遠永遠永遠愛你
785,2022,18531,綠色牢籠
786,2022,22327,關於，半夜夢見林默娘乘著海湧把垃圾全丟進我的未來這件塑，好像是真的
787,2022,20922,有時 Mama，有時 Mimi
788,2022,23139,一起一起
789,2022,22475,稻浪上的夢想家
790,2022,21731,聖石傳說
791,2022,19624,17歲的天空 4K數位修復版
792,2022,21690,家家
793,2022,22908,全明星星光音樂會
794,2022,22673,無邊
795,2022,22710,失序正義
796,2022,22448,不老騎士-歐兜邁環台日記
797,2022,21171,勸世三姊妹：大銀幕特別版
798,2022,20375,格瑞特真相
799,2022,23394,黑的教育
800,2022,20867,幻日手記 
801,2022,21087,北將七
802,2022,21949,如霧起時
803,2022,1585,奼紫嫣紅開遍
804,2022,20674,如夢
805,2022,21943,如歌的行板
806,2022,21914,兩地
807,2022,1394,西部來的人
808,2022,1593,1918
809,2022,22080,化城再來人
810,2022,20262,寶島大夢
811,2022,21887,朝向一首詩的完成
812,2022,21932,尋找背海的人
813,2022,20853,獨自寂寞+少年阿堯+午後+看海
814,2022,22179,逍遙遊
815,2022,21908,無岸之河
816,2022,1586,讀中文系的人
817,2022,18618,破輪胎
818,2022,1626,東西
819,2022,22759,我這樣過了一生
820,2022,5511,香蕉天堂
821,2022,502,風中家族
822,2022,1608,我城
823,2022,22215,紅柿子
824,2022,20270,送報伕/不屈的魂靈—楊逵
825,2022,20263,台灣新文學之父—賴和/安安靜靜林雙不
826,2022,20319,第一爐香
827,2022,20054,藍宇
828,2022,20986,你好，李煥英
829,2022,21616,于堇：蘭心大劇院
830,2022,22630,野馬分鬃
831,2022,20396,奪冠
832,2022,20747,如果有一天我將會離開你
833,2022,22926,四海
834,2022,20154,郊區的鳥
835,2022,22791,溫暖的抱抱
836,2022,23190,這個殺手不太冷靜
837,2022,21423,李茂扮太子
838,2022,16189,不丹是教室
839,2022,11237,大象席地而坐
840,2022,6215,少年
841,2023,22707,仇恨謎林
842,2023,13290,寄生上流
843,2023,24516,犯罪都市3
844,2023,25092,水泥烏托邦：末日浩劫
845,2023,23147,音爆浩劫
846,2023,23589,BTS: YET TO COME IN CINEMAS
847,2023,22239,語意錯誤電影版
848,2023,26037,鬼車站
849,2023,24714,貴公子
850,2023,21763,分手的決心
851,2023,25160,逃出寧靜海
852,2023,26045,My SHINee World
853,2023,23615,火線交涉
854,2023,26405,12.12：首爾之春
855,2023,25311,贖命救援
856,2023,25179,MAMAMOO：MY CON THE MOVIE
857,2023,25642,IU CONCERT: THE GOLDEN HOUR
858,2023,25407,千萬別開門
859,2023,23960,靈魂伴侶
860,2023,26219,30日
861,2023,23796,8釐米：詛咒影帶
862,2023,23248,晝盲神探
863,2023,26381,鬼6怨
864,2023,25736,沒有國家的冠軍
865,2023,25351,ASTRO
866,2023,26026,禍亂：地下秩序
867,2023,25638,附身
868,2023,23216,整形帝王
869,2023,25024,神鬼海底撈
870,2023,25803,詐騙女王
871,2023,25588,雉岳山怪談
872,2023,25322,保護者
873,2023,23362,共感頻率
874,2023,23383,首爾怪談
875,2023,23214,失控正義
876,2023,26260,全羅道少年殺人事件
877,2023,23486,紳探追緝令
878,2023,25494,鬼夢遊
879,2023,26353,水鬼
880,2023,26350,NCT NATION：To The World in Cinemas
881,2023,23549,維特:音樂劇
882,2023,23587,幻影
883,2023,24206,魯蛇大翻身
884,2023,25710,極惡變身
885,2023,24037,熊男
886,2023,23786,超完美狗保姆
887,2023,23856,闇黑對決
888,2023,25829,誆世巨作：蜘蛛窩新宇宙
889,2023,23586,大明星多重宇宙
890,2023,18516,薄荷糖
891,2023,23390,碰碰狐音樂電影:奇幻城嘉年華
892,2023,23547,淘氣小企鵝啵樂樂 電影版：巨龍城堡大冒險
893,2023,7777,原罪犯
894,2023,25425,新進社員：電影版
895,2023,23507,HERO
896,2023,23882,WINNER 2022 CONCERT THE CIRCLE : THE MOVIE
897,2023,25212,絕對味覺情人
898,2023,23364,花路阿朱媽
899,2023,8031,親切的金子
900,2023,23199,王者製造
901,2023,24201,陰影下的她
902,2023,16076,非常母親
903,2023,25148,劇場版 衝鋒戰士：搶救月球大作戰
904,2023,26496,電影版 淘氣小企鵝啵樂樂 超級明星大冒險
905,2023,8074,我要復仇
906,2023,23508,對我而言，你是珍貴的
907,2023,24639,SUGA: Road to D-DAY
908,2023,19240,緣起不滅
909,2023,25242,花漾奶奶金難搞
910,2023,24640,j-hope IN THE BOX
911,2023,23366,監弒器
912,2023,25268,KANGDANIEL: MY PARADE
913,2023,24542,四層公寓
914,2023,25167,朝聖之路：一路平安
915,2023,25361,闇黑新世界
916,2023,25318,正義辯護人
917,2023,23645,當男人戀愛時
918,2023,24842,在水中
919,2023,24492,蝙蝠：血色情慾 數位修復版
920,2023,23146,小說家電影
921,2023,24312,開心鬼上身
922,2023,23474,巫師靈不靈！？
923,2023,25592,7號房的禮物
924,2023,25535,狼少年：不朽的愛
925,2023,26212,我們從末日開始
926,2023,26127,餓之必要
927,2023,26208,夢想紅舞鞋
928,2023,23887,雙手的溫柔
929,2023,21265,PINA
930,2023,18110,竊聽風暴
931,2023,22172,米婭的精靈王國
932,2023,24552,淨化論
933,2023,25631,五月的35日
934,2023,23290,蘿拉快跑
935,2023,23511,拼音戀習曲
936,2023,23825,蓋世棋蹟
937,2023,25771,我的完美日常
938,2023,25284,飛舞人生
939,2023,24010,萊茵金
940,2023,23489,沒有你的旅程
941,2023,20204,陸上行舟
942,2023,26389,666號房
943,2023,26345,水上迴光
944,2023,22270,危雞總動員
945,2023,26362,切格瓦拉滿天下
946,2023,25305,愛在滿格時
947,2023,24951,腹荷
948,2023,24351,收陰機
949,2023,23727,配樂大師顏尼歐
950,2023,18356,郵差
951,2023,24638,回不去的那座山
952,2023,24255,禁忌的畫像：卡拉瓦喬之影
953,2023,25397,在旅途中：方濟各的朝聖之旅
954,2023,24883,屍發現場
955,2023,23487,若愛重來
956,2023,25285,AI時代
957,2023,24927,絕美波麗露
958,2023,25537,男人最壞女人最愛
959,2023,23345,《聽見天堂》4K數位修復版
960,2023,24107,惡靈地堡
961,2023,23946,愛情停損點
962,2023,23565,開羅謀殺案
963,2023,25827,萬聖劫
964,2023,26481,巫術
965,2023,24729,尋愛小說家：海史密斯
966,2023,15271,熱帶雨
967,2023,21919,妖街皇后
968,2023,24786,芽籠
969,2023,23721,巫母
970,2023,23888,夏日悄悄話
971,2023,23516,束縛
972,2023,25163,愛爾瑪的情與慾
973,2023,21659,黑貓白貓：4K數位修復版
974,2023,24417,厲嬰魂
975,2023,24074,涅槃咒
976,2023,25862,折翼姊妹
977,2023,25360,智利，我的理想國
978,2023,24551,惡靈魔洛剋
979,2023,18785,是誰得手林布蘭？
980,2023,24105,神鬼聖戰
981,2023,24348,米蘭昆德拉：從玩笑到無謂的盛宴
982,2023,23221,色界
983,2023,26140,富都青年
984,2023,18318,南巫
985,2023,25182,五月雪
986,2023,23605,孩子， 你好嗎 ? 我的名字叫李心潔
987,2023,23640,孩子， 你好嗎 ?  山頂小屋
988,2023,24061,血忌
989,2023,25414,虎紋少女
990,2023,23604,孩子， 你好嗎 ? 鴕鳥騎士
991,2023,23630,孩子， 你好嗎 ? 我是誰?
992,2023,22198,沒有煙硝的日子
993,2023,25359,尋父冒險記
994,2023,25990,戰場日記
995,2023,25630,戰火邊緣的青春
996,2023,24311,邪厄
997,2023,3142,鬼打牆
998,2023,26441,送葬人
999,2023,24733,幽魂娜娜：重生
1000,2023,24915,My Precious初戀
1001,2023,26126,日暮生死戀
1002,2023,24833,鬼偶
1003,2023,26022,凱蒂超殺女
1004,2023,23576,天生一對2 大電影：再續前緣
1005,2023,26501,情牽浮生戲
1006,2023,24309,Anne的多重恐懼
1007,2023,25777,初戀你我他
1008,2023,24384,阿諾是個模範生
1009,2023,20365,世界上最爛的人
1010,2023,21974,愛重奏
1011,2023,24350,為你鍾琴
1012,2023,24840,我恨我自己
1013,2023,26471,金手指
1014,2023,24981,掃毒3：人在天涯
1015,2023,23440,天龍八部之喬峰傳
1016,2023,23688,風再起時
1017,2023,21732,花樣年華 4K數位修復版
1018,2023,7331,春光乍洩
1019,2023,20716,重慶森林 4K數位修復版
1020,2023,18149,墮落天使  4K數位修復版
1021,2023,26033,年少日記
1022,2023,24730,別叫我”賭神”
1023,2023,23702,斷網
1024,2023,23635,毒舌大狀
1025,2023,22876,智齒
1026,2023,20565,少年
1027,2023,20702,阮玲玉
1028,2023,24731,命案
1029,2023,23391,正義迴廊
1030,2023,26077,困獸
1031,2023,23964,燈火闌珊
1032,2023,20741,英雄本色
1033,2023,25150,暗殺風暴
1034,2023,23927,白日青春
1035,2023,10916,霸王別姬
1036,2023,26234,白日之下
1037,2023,22631,憂鬱之島
1038,2023,21801,繼園臺七號
1039,2023,23965,窄路微塵
1040,2023,23623,屍房菜
1041,2023,23317,無間道
1042,2023,23873,流水落花
1043,2023,24595,死屍死時四十四
1044,2023,23385,緣路山旮旯
1045,2023,26510,潛行
1046,2023,23679,十三門徒
1047,2023,23339,過時·過節
1048,2023,23367,無間道II
1049,2023,21812,美少年之戀
1050,2023,23349,無間道III：終極無間
1051,2023,23439,投奔怒海
1052,2023,25984,釀魂
1053,2023,26034,4拍4家族
1054,2023,26397,夜校
1055,2023,24916,失衡凶間之罪與殺
1056,2023,24106,絕地營救
1057,2023,15965,末代皇帝（數位修復版）
1058,2023,25045,鬼手鬼手 請開口
1059,2023,23548,日麗
1060,2023,16474,俘虜
1061,2023,22525,瘋狂富作用
1062,2023,23665,小熊維尼：血與蜜
1063,2023,25102,喵的詐騙集團
1064,2023,16906,教會
1065,2023,17878,惡水真相
1066,2023,16101,烈火情人
1067,2023,24703,舞力對決 : 地表撐霸
1068,2023,17916,愛是您·愛是我
1069,2023,22611,如果驢知道
1070,2023,24717,小提琴天后慕特：愛樂一生
1071,2023,23342,初步舉證
1072,2023,24111,COLDPLAY: LIVE AT RIVER PLATE
1073,2023,23320,夢迴西藏：軍官與達賴喇嘛
1074,2023,15757,亨利五世（莎翁經典劇集）
1075,2023,20445,直到世界末日
1076,2023,15653,馴悍記（莎翁經典劇集）
1077,2023,24716,馬克白（莎翁經典劇集）
1078,2023,25637,達利:慾望之謎
1079,2023,23207,傲慢與偏見（音樂劇）
1080,2023,23699,色局追兇
1081,2023,14021,遮蔽的天空
1082,2023,25080,無事生非（莎翁經典劇集）
1083,2023,25773,少年Pi的奇幻漂流（英國國家劇院現場）
1084,2023,23885,杏仁與海馬
1085,2023,26265,直線偏執狂（英國國家劇院現場）
1086,2023,24062,危險療程
1087,2023,25046,卓別林與他的情人
1088,2023,26277,海鷗 （英國國家劇院現場）
1089,2023,24940,長路將盡
1090,2023,24090,烈火亞當
1091,2023,25188,無情荒地有琴天
1092,2023,25894,塵埃之書：野美人號（英國國家劇院現場）
1093,2023,25893,戴珍珠耳環的少女
1094,2023,26216,舞動人生
1095,2023,26148,藍色的你
1096,2023,24734,慾望之翼
1097,2023,26361,奇愛博士
1098,2023,23322,阿凡達：水之道
1099,2023,21117,捍衛戰士: 獨行俠
1100,2023,24868,不可能的任務：致命清算 第一章
1101,2023,24337,玩命關頭 X
1102,2023,23924,超級瑪利歐兄弟電影版
1103,2023,23049,黑豹 2：瓦干達萬歲
1104,2023,23894,捍衛任務4
1105,2023,24917,奧本海默
1106,2023,24938,Barbie芭比
1107,2023,24532,變形金剛：萬獸崛起
1108,2023,22676,黑亞當
1109,2023,20810,小小兵2:格魯的崛起
1110,2023,24128,星際異攻隊3 
1111,2023,24540,閃電俠
1112,2023,26399,水行俠 失落王國 
1113,2023,23646,蟻人與黃蜂女 : 量子狂熱
1114,2023,25027,巨齒鯊2: 海溝深淵
1115,2023,21777,子彈列車
1116,2023,24499,蜘蛛人：穿越新宇宙
1117,2023,24784,元素方城市
1118,2023,23736,龍與地下城：盜賊榮耀
1119,2023,26066,驚奇隊長 2 
1120,2023,26269,旺卡
1121,2023,20828,媽的多重宇宙
1122,2023,26218,飢餓遊戲：鳴鳥與游蛇之歌
1123,2023,25279,私刑教育3
1124,2023,24998,GT：跨界玩家
1125,2023,25278,鬼修女II
1126,2023,5887,小美人魚
1127,2023,24787,印第安納瓊斯：命運輪盤 
1128,2023,25460,汪汪隊立大功：超級大電影（國語版）
1129,2023,23393,窒友梅根
1130,2023,26210,拿破崙 
1131,2023,23564,玩命特攻：武演行動
1132,2023,25524,A.I.創世者
1133,2023,25090,藍甲蟲
1134,2023,23772,沙贊！眾神之怒
1135,2023,26090,泰勒絲 | 年代巡迴演唱會電影
1136,2023,23590,迫降危機
1137,2023,25428,浴血任務4
1138,2023,25408,威尼斯魅影謀殺案
1139,2023,25536,奪魂鋸X
1140,2023,22373,微笑
1141,2023,24857,陰兒房：鬼門陰深處
1142,2023,23144,鞋貓劍客 2
1143,2023,25816,花月殺手
1144,2023,26318,星願
1145,2023,616,怪物
1146,2023,22355,幸福入場券
1147,2023,24064,鬼玩人：復活 
1148,2023,22663,五星饗魘
1149,2023,25709,大法師:信徒
1150,2023,23647,蟻人與黃蜂女 : 量子狂熱
1151,2023,21837,DC超級寵物軍團
1152,2023,25892,佛萊迪餐館之五夜驚魂
1153,2023,25060,幽靈公館
1154,2023,24097,梵蒂岡驅魔士
1155,2023,23399,超難搞先生
1156,2023,23889,AIR
1157,2023,23614,我的鯨魚老爸
1158,2023,24286,正宗巨齒鯊
1159,2023,25186,爆復
1160,2023,25429,自由之聲
1161,2023,21582,貓王艾維斯
1162,2023,25933,超危險保鑣
1163,2023,24866,珍愛硬起來
1164,2023,23517,巴比倫
1165,2023,23641,鐵達尼號 25周年重映版
1166,2023,24414,坎達哈行動
1167,2023,23155,決戰38度線
1168,2023,23855,65：恐怖行星
1169,2023,24416,鬼出櫃
1170,2023,25061,忍者龜：變種大亂鬥
1171,2023,25044,之前的我們
1172,2023,16636,全面啟動10周年紀念版
1173,2023,7858,以你的名字呼喚我
1174,2023,23959,吸血鬼特助：雷菲爾
1175,2023,16091,黑暗騎士
1176,2023,23153,暴戾夜
1177,2023,23014,鱷魚歌王
1178,2023,23138,奇異冒險 
1179,2023,23629,人肉搜索2：失蹤搜救
1180,2023,26241,魔髮精靈：樂團在一起 
1181,2023,23794,驚聲尖叫 6
1182,2023,23705,金牌拳手III 
1183,2023,22530,阿姆斯特丹
1184,2023,24782,變身少女露比
1185,2023,26278,無聲夜
1186,2023,18430,夢想之地
1187,2023,24493,小行星城
1188,2023,22195,拉辛正傳
1189,2023,26075,恐怖感恩劫
1190,2023,22652,月光光新慌慌：萬聖結
1191,2023,22924,骨肉的總和
1192,2023,25493,笨錢效應 
1193,2023,23321,與你共舞
1194,2023,22476,哥兒們
1195,2023,24597,復仇狗聯盟
1196,2023,22242,看你往哪跑
1197,2023,23588,敲敲門
1198,2023,23400,TÁR 塔爾
1199,2023,26513,法拉利
1200,2023,23426,劫婚大作戰
1201,2023,24496,催眠狙擊
1202,2023,22649,伊尼舍林的女妖
1203,2023,26229,下一球，勝利
1204,2023,26305,夢行者保羅
1205,2023,23613,熊蓋毒
1206,2023,24189,限時追捕
1207,2023,25800,親愛的大衛
1208,2023,24467,一個人的朝聖
1209,2023,23711,殺手迴戰
1210,2023,26450,RENAISSANCE: A FILM BY BEYONCÉ
1211,2023,24870,電梯遊戲
1212,2023,23536,法貝爾曼
1213,2023,24970,鬼郵輪：瑪麗皇后號
1214,2023,25393,偉大的十四世：達賴喇嘛
1215,2023,24046,寶可噩夢
1216,2023,25141,喜幹會
1217,2023,23651,鬼臥床
1218,2023,23084,她有話要說
1219,2023,25211,劇場版 PSYCHO-PASS 心靈判官 PROVIDENCE 
1220,2023,26192,五月的你，十二月的她
1221,2023,22709,愛．子
1222,2023,24637,義美超級爸
1223,2023,25985,新核能時代
1224,2023,26267,沼澤王的女兒
1225,2023,25349,印咒：畢舍遮
1226,2023,24252,追殺代理人
1227,2023,6252,八月三十一日，我在奧斯陸
1228,2023,25340,地獄來的乘客
1229,2023,23311,朝聖之路：聖雅各
1230,2023,26339,贖罪日之戰
1231,2023,23284,瑪琳艾索普：首席女指揮
1232,2023,23771,屍蹤天使
1233,2023,23752,火線埋伏
1234,2023,24259,上流謀殺案
1235,2023,23687,所有的美麗與血淚
1236,2023,26038,劊樂時光
1237,2023,23861,致蕾絲莉
1238,2023,23661,俠探特攻：驚爆獨立日
1239,2023,22678,光影帝國
1240,2023,23947,深夜加油站遇見蘇格拉底
1241,2023,9159,坂本龍一:async紐約現場
1242,2023,24034,穆荷蘭大道 4K數位修復版
1243,2023,25321,限時引爆
1244,2023,25178,奪魂鋸
1245,2023,24662,大愚樂家
1246,2023,23713,噩夢輓歌 4K數位修復版
1247,2023,23787,鬼玩人 4K數位修復版
1248,2023,25772,飢餓遊戲：自由幻夢 終結戰
1249,2023,23839,《樂隊舞台》——男孩們回來了（音樂劇）
1250,2023,23234,過去那五年（音樂劇）
1251,2023,25993,樹懶殺三小
1252,2023,23437,日出日落：屋頂上的提琴手
1253,2023,23572,BILLIE EILISH: LIVE AT THE O2 （戲院加長版）
1254,2023,23415,血仇生死鬥
1255,2023,26213,闇之祭
1256,2023,23797,愛瑪（音樂劇）
1257,2023,25729,飢餓遊戲：星火燎原
1258,2023,8985,布拉格的春天
1259,2023,24881,我的左派老師
1260,2023,25086,與狼共舞
1261,2023,24841,謎霧莊園
1262,2023,25801,飢餓遊戲：自由幻夢
1263,2023,25187,我的藍莓夜
1264,2023,26324,壁花男孩
1265,2023,24661,飢餓遊戲
1266,2023,20138,驚爆點
1267,2023,25070,冰風暴
1268,2023,23892,捍衛任務
1269,2023,24377,非關男孩
1270,2023,23652,珍愛熱線
1271,2023,21035,超級救援狗
1272,2023,25175,愛情，不用翻譯 
1273,2023,21038,深海獵奇
1274,2023,21040,馬達加斯加：狐猴之島
1275,2023,21039,最後的冰川
1276,2023,21041,哈勃望遠鏡
1277,2023,21036,小行星獵人
1278,2023,23288,海底世界
1279,2023,21037,回歸野性
1280,2023,23287,大熊貓
1281,2023,24256,燃起希望之火
1282,2023,1691,地下社會
1283,2023,25040,雪后奇緣
1284,2023,24880,喵喵博物館
1285,2023,23704,胡桃鉗與魔笛公主的奇幻冒險
1286,2023,25344,德古拉的新娘 
1287,2023,23838,公主與野獸
1288,2023,23462,柴可夫斯基的妻子
1289,2023,22524,獵空計畫
1290,2023,18826,革命前夕的摩托車日記
1291,2023,20457,機遇之歌：數位修復版
1292,2023,24253,鷹勇潛艦
1293,2023,25343,神父李昂莫罕
1294,2023,24490,馬克斯，我的愛
1295,2023,15103,燃燒女子的畫像
1296,2023,26257,人犬
1297,2023,6210,艾蜜莉的異想世界
1298,2023,23376,親密
1299,2023,21995,正發生
1300,2023,2813,藍色情挑 經典數位修復
1301,2023,24073,聖母院大火：世紀浩劫
1302,2023,25764,杜巴利伯爵夫人
1303,2023,23859,我的2年妓女生涯
1304,2023,2815,紅色情深 經典數位修復
1305,2023,2814,白色情迷 經典數位修復
1306,2023,24284,摘星甜點王
1307,2023,5183,花神咖啡館
1308,2023,17412,85年的夏天
1309,2023,23550,不離職冒險王
1310,2023,20943,親愛的童伴
1311,2023,24095,燃燒的玫瑰
1312,2023,23837,再一次勇敢跳躍
1313,2023,23712,無人相信的真相
1314,2023,25828,進化症候群
1315,2023,23375,美好的早晨
1316,2023,7310,不思議女人
1317,2023,24117,豪門心計
1318,2023,23933,追兇12夜
1319,2023,25413,榮耀之路
1320,2023,15218,星星知我心
1321,2023,24522,烈火浩劫
1322,2023,25461,塞納河上的船屋
1323,2023,23827,爛人
1324,2023,2224,雙面薇若妮卡 經典數位修復
1325,2023,23420,玩具當家
1326,2023,25042,我和喵喵的冒險旅行  
1327,2023,23945,聖奧梅爾殺嬰案
1328,2023,23872,小淘氣尼古拉：快樂的源頭
1329,2023,26368,青春 
1330,2023,23666,揮灑心篇章
1331,2023,25352,交響狂花
1332,2023,23857,聖蛛
1333,2023,24063,詭樓
1334,2023,23546,販愛天堂
1335,2023,23660,盲柳與沉睡的女人
1336,2023,23265,有你就是家
1337,2023,26247,像高達一樣寂寞
1338,2023,24573,她和他的女兒
1339,2023,25423,冬日男孩
1340,2023,23792,唐璜羅曼死
1341,2023,23493,回到首爾
1342,2023,26382,愛情轉移
1343,2023,22715,愛在生命終結時
1344,2023,25983,琳達想吃雞!
1345,2023,20963,藍色是最溫暖的顏色
1346,2023,25323,野獸們
1347,2023,22740,抓狂養老院
1348,2023,25745,小嫉妒
1349,2023,25118,勇闖太空
1350,2023,23904,正年輕
1351,2023,23785,尋找第5味
1352,2023,26266,茱莉亞四重奏
1353,2023,24313,安妮艾諾 超八時光
1354,2023,23392,地下疑雲
1355,2023,23932,五個惡魔
1356,2023,24072,玫瑰母親
1357,2023,23285,西蒙娜：世紀之聲
1358,2023,24871,我們的最強暑假
1359,2023,25246,科西嘉的那個夏天 
1360,2023,4395,紅圈
1361,2023,7634,影子軍隊
1362,2023,25763, 小嫉妒
1363,2023,7635,沉默之海
1364,2023,24032,中國女人
1365,2023,24488,盛開紫羅蘭：西蒙波娃與薇奧麗賴朵絲
1366,2023,25342,賭徒鮑伯
1367,2023,19736,廣島之戀
1368,2023,24485,印度之歌
1369,2023,24484,莒哈絲最後的情人
1370,2023,24486,長別離
1371,2023,26367,也許是因為美的決心
1372,2023,24483,留愛在蔚藍海岸
1373,2023,23897,玫瑰母親
1374,2023,23957,戰爭開打之際
1375,2023,18751,四百擊
1376,2023,18814,雙面薇若妮卡 經典數位修復
1377,2023,18815,紅色情深 經典數位修復
1378,2023,18848,白色情迷 經典數位修復
1379,2023,25591,幸福的所在
1380,2023,23858,駭人骨娃娃
1381,2023,24498,驅魔13
1382,2023,25130,24小時賭命倒數
1383,2023,23754,桃子樹的最後豐收
1384,2023,26214,轉生幻夢
1385,2023,23198,湯恩與劍客汪汪隊
1386,2023,16868,高跟鞋 經典數位修復
1387,2023,26092,與達利有約
1388,2023,25101,換宿夜驚魂
1389,2023,26349,荒漠斷背情
1390,2023,24213,神鬼第六感
1391,2023,24051,屍智症
1392,2023,24859,情慾獨角獸
1393,2023,23560,驚獄77
1394,2023,23188,梵天神器：滅世開端
1395,2023,23828,幸運狗狗來造訪
1396,2023,24494,永遠的好麻吉
1397,2023,20903,天堂電影院
1398,2023,26150,屍禁
1399,2023,23338,鬼搖靈2：陰語陣陣
1400,2023,24260,鬼噤聲
1401,2023,24867,神選之地
1402,2023,20728,何處是我朋友的家？
1403,2023,21021,櫻桃的滋味 數位修復版
1404,2023,20804,橄欖樹下的情人
1405,2023,20758,生生長流
1406,2023,21032,風帶著我來 數位修復版
1407,2023,23354,片場風暴
1408,2023,25177,德黑蘭雙面疑雲
1409,2023,24497,這裡沒有熊
1410,2023,24515,三張面孔
1411,2023,24045,萊拉兄弟
1412,2023,23488,萬惡世代
1413,2023,20740,沉默呼聲
1414,2023,23566,長春事件
1415,2023,24138,烈火焚身
1416,2023,25168,生命之舞
1417,2023,23963,絕命控制
1418,2023,24349,飯捲男孩乖乖睡 
1419,2023,23213,演員夢
1420,2023,24474,沙特與波娃
1421,2023,26377,童魘
1422,2023,23352,她和她們的電影課
1423,2023,24491,御法度
1424,2023,23463,灌籃高手 THE FIRST SLAM DUNK
1425,2023,23742,鈴芽之旅
1426,2023,24529,名偵探柯南 黑鐵的魚影
1427,2023,25730,蒼鷺與少年
1428,2023,21991,航海王劇場版 : 紅髮歌姬
1429,2023,21383,名偵探柯南 萬聖節的新娘
1430,2023,23662,「鬼滅之刃」上弦集結，前進刀匠村
1431,2023,24939,新次元！蠟筆小新電影超能力大決戰～飛吧！手卷壽司～
1432,2023,24925,電影哆啦A夢：大雄與天空的理想鄉
1433,2023,22751,刀劍神域劇場版 –Progressive- 陰沉薄暮的詼諧曲
1434,2023,23956,鏡之孤城
1435,2023,13730,普羅米亞
1436,2023,23197,關於我轉生變成史萊姆這檔事劇場版 紅蓮之絆篇
1437,2023,20610,神隱少女
1438,2023,24544,BLUE GIANT 藍色巨星
1439,2023,21718,角落小夥伴電影版：藍色月夜的魔法之子
1440,2023,23537,屁屁偵探 : 天才惡人屁屁亞蒂
1441,2023,23365,輝夜姬想讓人告白－永不結束的初吻
1442,2023,23836,名偵探柯南 灰原哀物語〜黑鐵的神祕列車〜
1443,2023,16264,阿基拉
1444,2023,23148,通往夏天的隧道，再見的出口
1445,2023,22194,七龍珠超：超級英雄
1446,2023,24969,青春豬頭少年不會夢到嬌憐外出妹
1447,2023,16420,藍色恐懼：4K數位修復版
1448,2023,23473,新世紀福音戰士新劇場版：終
1449,2023,14011,青春豬頭少年不會夢到懷夢美少女
1450,2023,14811,HELLO WORLD
1451,2023,22878,天空之城
1452,2023,26383,青春豬頭少年不會夢到紅書包女孩
1453,2023,22962,即使，這份戀情今晚會從世上消失
1454,2023,22380,破案天才伽利略：沉默的遊行
1455,2023,24431,新．假面騎士
1456,2023,25895,數碼寶貝02 THE BEGINNING
1457,2023,23783,魔女宅急便
1458,2023,23353,巧虎電影　巧虎與塔魯王子
1459,2023,25400,劇場版IDOLiSH7-偶像星願- LIVE 4bit BEYOND THE PERiOD<DAY2>
1460,2023,26122,電影版 勿說是推理
1461,2023,24914,GRIDMAN UNIVERSE
1462,2023,23115,劇場版 歌之☆王子殿下♪ 真愛ST☆RISH TOURS
1463,2023,25350,劇場版IDOLiSH7-偶像星願- LIVE 4bit BEYOND THE PERiOD<DAY1>
1464,2023,24087,電影版 佐佐木與宮野 畢業篇
1465,2023,25776,劇場版城市獵人：天使之淚
1466,2023,24781,惡靈古堡：死亡島
1467,2023,23638,僕愛君愛：致深愛妳的那個我
1468,2023,23948,美麗的他電影版
1469,2023,23637,僕愛君愛：致我深愛的每個妳
1470,2023,8693,坂本龍一：終章
1471,2023,18297,令人討厭的松子的一生
1472,2023,24118,我的幸福婚約
1473,2023,24575,SEE HEAR LOVE 看不見聽不見也愛你
1474,2023,25324,劇場版 少女☆歌劇 Revue Starlight
1475,2023,26242,歡迎來到駒田蒸餾所
1476,2023,24335,超人力霸王德卡 最終章 朝向旅程的彼方‧‧‧
1477,2023,17242,感官世界
1478,2023,23923,王立宇宙軍～歐尼亞米斯之翼～：4K數位修復版
1479,2023,25398,岸邊露伴在羅浮
1480,2023,25105,忌怪島
1481,2023,25341,天元突破劇場版 紅蓮螺巖 螺巖篇
1482,2023,25304,天元突破劇場版 紅蓮螺巖 紅蓮篇
1483,2023,23363,劇場版 弦音 ─初始的一射─
1484,2023,24096,電影刀劍亂舞-黎明-
1485,2023,25815,特別篇 吹響吧！上低音號～合奏團競賽篇～
1486,2023,25029,電影版TOKYO MER：行動急診室
1487,2023,21941,北齋：浮世繪傳奇
1488,2023,23935,月之圓缺
1489,2023,21790,特『刀劍亂舞-花丸-』～雪之卷～
1490,2023,23249,天使降臨到我身邊！珍貴的朋友
1491,2023,25934,數碼寶貝02 THE BEGINNING_國語版
1492,2023,24308,金之國水之國
1493,2023,23663,愛是自私
1494,2023,23962,假面騎士劇場版 Battle Royale
1495,2023,25412,麵包超人電影版：樂波莉與暖呼呼禮物
1496,2023,22408,特『刀劍亂舞-花丸-』～華之卷～
1497,2023,18319,青春電幻物語：數位修復版
1498,2023,22167,特『刀劍亂舞-花丸-』～月之卷～
1499,2023,24372,快一秒的他
1500,2023,24317,湯道
1501,2023,24033,百花
1502,2023,19242,東京復仇者
1503,2023,22511,信用詐欺師JP：英雄篇
1504,2023,25117,來自雪國的遺書
1505,2023,23384,TANG
1506,2023,25245,少女☆歌劇 Revue Starlight RONDO RONDO RONDO
1507,2023,25267,GHOSTBOOK 妖怪圖鑑
1508,2023,23341,那個男人
1509,2023,20374,花與愛麗絲：數位修復版
1510,2023,25761,詭屋
1511,2023,24089,心之谷
1512,2023,25072,#人孔
1513,2023,24835,暗湧情事
1514,2023,23401,邪惡的孩子
1515,2023,24715,SSSS. GRIDMAN 劇場總集篇
1516,2023,26313,東尼瀧谷:數位經典版
1517,2023,21992,航海王劇場版 : 紅髮歌姬
1518,2023,26454,寬鬆世代又怎樣：INTERNATIONAL
1519,2023,20047,青春特調蜂蜜檸檬蘇打
1520,2023,26478,窗邊的小荳荳
1521,2023,24341,惠子不能輸
1522,2023,24212,貞子 DX
1523,2023,26253,鄰人Ｘ：謎樣的女子
1524,2023,24913,四月物語：數位修復版
1525,2023,25320,斷捨離天堂
1526,2023,21929,七五計劃
1527,2023,23041,蒲公英
1528,2023,23040,葬禮
1529,2023,24112,指尖上綻放的愛
1530,2023,24789,SSSS.DYNAZENON 劇場總集篇
1531,2023,18705,燕尾蝶：數位經典版
1532,2023,25039,銀河鐵道之父
1533,2023,8749,幻之光
1534,2023,22801,大逃殺 4K數位修復版
1535,2023,26227,東京復仇者2：血腥萬聖節 前篇─命運
1536,2023,24050,厄林
1537,2023,26226,東京復仇者2：血腥萬聖節 後篇─決戰
1538,2023,24086,Fishmans
1539,2023,23224,舌尖上的禪
1540,2023,23438,彬與瑛
1541,2023,23603,追海豚的長崎夏日
1542,2023,8878,無人知曉的夏日清晨
1543,2023,24468,名偵探神助理：黃金螺旋之謎
1544,2023,23700,我們的黎明
1545,2023,25079,千輝同學未免甜得過火
1546,2023,25106,電影哆啦A夢 - 大雄的秘密道具博物館
1547,2023,18637,天外者
1548,2023,26139,天一亮，就想見到你
1549,2023,26279,花腐
1550,2023,8747,下一站，天國
1551,2023,25317,黑夜遊行
1552,2023,24972,電影哆啦A夢 - 新‧大雄的宇宙開拓史
1553,2023,8873,橫山家之味
1554,2023,26398,銀河鐵道之夜
1555,2023,24954,假裝沒事
1556,2023,25078,電影哆啦A夢 - 大雄的人魚大海戰
1557,2023,25632,名偵探麻里子最悲慘的一天
1558,2023,23416,心情直播不NG
1559,2023,23192,線，畫出的我
1560,2023,25131,善良的牧本先生
1561,2023,25059,親密（前編）
1562,2023,25023,電影哆啦A夢：新大雄的大魔境 - 扁扁與5人之探險隊
1563,2023,26515,坂本龍一：OPUS
1564,2023,23826,電影版殘念生物事典
1565,2023,25043,電影哆啦A夢 - 新‧大雄與鐵人兵團
1566,2023,24728,呼叫愛美子
1567,2023,25129,觸不到的肌膚
1568,2023,23492,怪談比留子
1569,2023,25127,電影哆啦A夢：大雄與奇跡之島
1570,2023,25062,景深之中
1571,2023,25071,親密（後編）
1572,2023,23114,修羅天魔~骷髏城之七人．極 （新感線舞台劇）
1573,2023,24753,銀平町的電影時光
1574,2023,23264,魔幻時刻
1575,2023,24109,離不開你的依賴
1576,2023,25011,電影哆啦A夢 - 大雄之宇宙英雄記
1577,2023,24876,謎樣的你
1578,2023,25041,夏洛克的孩子們
1579,2023,23145,她喜歡的是
1580,2023,25243,冰淇淋般的愛戀
1581,2023,23222,有頂天大飯店
1582,2023,24514,渴水
1583,2023,25313,明天星期一
1584,2023,25241,破案天才伽利略：嫌疑犯X的獻身
1585,2023,23554,天間莊三姊妹
1586,2023,23602,霍爾的移動城堡
1587,2023,24834,百合的雨聲
1588,2023,5513,儀式
1589,2023,23312,手
1590,2023,23235,夜鷹的單戀
1591,2023,24060,這就是我
1592,2023,23262,鬼壓床了沒
1593,2023,24992,超市之女
1594,2023,25176,破案天才伽利略：真夏方程式
1595,2023,23123,艾莉絲旅館
1596,2023,24108,扶桑花女孩之舞
1597,2023,24993,女稅務員
1598,2023,23639,愛情失格
1599,2023,24994,受監護的女人
1600,2023,23121,唱出戀愛的苦惱
1601,2023,25099,民暴之女
1602,2023,26193,託生君系列：很長很長的故事開始的早晨
1603,2023,24432,愛的密語
1604,2023,24418,六月之蛇
1605,2023,26360,馬爾多羅之歌/嘗試對一寸法師進行記述/二頭女-影之映畫/讀書機
1606,2023,26359,檻囚/蝶服記/迷宮譚/疱瘡譚/橡皮擦
1607,2023,24991,靜靜的生活
1608,2023,25100,女稅務員2
1609,2023,14475,絞死刑
1610,2023,24755,死亡解剖
1611,2023,26492,魔法公主
1612,2023,26545,崖上的波妞
1613,2023,26364,革命＋1
1614,2023,24200,鐵男：金屬獸
1615,2023,26365,簡稱：連續射殺魔
1616,2023,25244,BE : the ONE
1617,2023,24996,鴻運女
1618,2023,24995,大病人
1619,2023,26363,赤軍殘酷內鬥暗黑史
1620,2023,23784,人體動物圖鑑：烏龜的殼其實是肋骨
1621,2023,24310,鐵男II：血肉橫飛
1622,2023,24480,白晝的惡魔
1623,2023,24479,日本春歌考
1624,2023,24482,青春殘酷物語
1625,2023,24481,太陽的墓場
1626,2023,26366,赤軍：PFLP世界戰爭宣言
1627,2023,24478,無理心中日本之夏
1628,2023,24477,歸來的醉漢
1629,2023,26352,千年決鬥
1630,2023,24999,狂琴畸戀
1631,2023,24754,飛躍吧！金牌英雄
1632,2023,24094,愛情美樂地
1633,2023,24088,地中海發燒友
1634,2023,23193,無法無天
1635,2023,18107,醉好的時光
1636,2023,26121,壞教慾女孩
1637,2023,23535,關於我和鬼變成家人的那件事
1638,2023,23355,想見你
1639,2023,25104,粽邪3 :鬼門開
1640,2023,24818,請問，還有哪裡需要加強
1641,2023,25590,周處除三害
1642,2023,25306,女鬼橋2：怨鬼樓
1643,2023,22531,流麻溝十五號
1644,2023,23843,做工的人電影版
1645,2023,25116,我的麻吉4個鬼
1646,2023,23409,我的婆婆怎麼把ＯＯ搞丟了
1647,2023,24035,化劫
1648,2023,24066,速命道
1649,2023,25994,BIG
1650,2023,23506,詐團圓
1651,2023,25586,惡女
1652,2023,24014,疫起
1653,2023,24663,查無此心
1654,2023,14895,悲情城市
1655,2023,22671,罪後真相
1656,2023,22659,你在我心上
1657,2023,23671,本日公休
1658,2023,23408,山中森林
1659,2023,25063,老狐狸
1660,2023,21785,哈勇家
1661,2023,25149,我最愛的笨男人
1662,2023,23419,山椒魚來了
1663,2023,23926,車頂上的玄天上帝
1664,2023,16901,海霧
1665,2023,25422,小曉
1666,2023,20921,少年吔，安啦！
1667,2023,25222,他馬克老闆
1668,2023,23394,黑的教育
1669,2023,26076,赤心巔峰
1670,2023,22082,科學少女
1671,2023,24370,南方，寂寞鐵道
1672,2023,25335,成功補習班
1673,2023,21165,神人之家
1674,2023,20817,我心我行
1675,2023,22268,童話·世界
1676,2023,21119,一家子兒咕咕叫
1677,2023,23831,我和我的賽車老爸
1678,2023,23961,青春並不溫柔
1679,2023,24054,不能流淚的悲傷
1680,2023,23795,守護黑面琵鷺
1681,2023,24023,消失的紫斑蝶
1682,2023,25818,撼山河 撼向世界
1683,2023,23729,九槍
1684,2023,18550,溟溟
1685,2023,20176,諸葛四郎─英雄的英雄
1686,2023,24239,我的天堂城市
1687,2023,15447,日子
1688,2023,20052,有你相伴的旅程
1689,2023,21174,孫行者傳
1690,2023,21825,舞徑
1691,2023,25334,邀阿公阿嬤拍B級殭屍片
1692,2023,23139,一起一起
1693,2023,25728,少男少女
1694,2023,24009,油麻菜籽
1695,2023,18424,徘徊年代
1696,2023,24053,空巢
1697,2023,22673,無邊
1698,2023,25103,蘭陵40─演員實驗教室
1699,2023,23611,機甲英雄 劇場版 我與我等於無限大
1700,2023,24257,WOMEN 我們不知道的事
1701,2023,26220,花若盛開
1702,2023,25312,愛是一把槍
1703,2023,21373,夢遊樂園
1704,2023,21200,夏日天空的那匹紅馬
1705,2023,23835,炸彈客
1706,2023,25897,新寶島曼波
1707,2023,24036,擒慾女王
1708,2023,24012,麻罪犯
1709,2023,24011,獸刑
1710,2023,22475,稻浪上的夢想家
1711,2023,24013,花開富貴
1712,2023,24044,X
1713,2023,24059,人之初性本善
1714,2023,21839,動物感傷の清晨
1715,2023,21690,家家
1716,2023,22710,失序正義
1717,2023,13900,不散（4K修復版）
1718,2023,21171,勸世三姊妹：大銀幕特別版
1719,2023,25737,穿著旗袍的女孩
1720,2023,24214,妖怪森林
1721,2023,23934,壞男孩
1722,2023,25587,鑽石水族世界
1723,2023,24752,小子
1724,2023,12236,彩雲飛
1725,2023,15876,現場·戰場·夢工場
1726,2023,22615,春日郊遊/推特事/塑膠情人
1727,2023,22613,情書/鷺鷥河/二重奏/返來呷飯
1728,2023,22687,春水奇譚/屍舞/有了？！
1729,2023,22614,魍神之夜/食夢者/殭屍外公
1730,2023,26511,我是一片雲〈修復版〉
1731,2023,12575,風兒踢踏踩
1732,2023,20319,第一爐香
1733,2023,24277,龍馬精神
1734,2023,23465,一直一直都很喜歡你
1735,2023,25213,海的盡頭是草原
1736,2023,25415,峰爆
1737,2023,24240,破碎太陽之心
1738,2023,26428,絕地追擊
1739,2023,24221,熱帶往事
1740,2023,24132,古董局中局
1741,2023,16189,不丹是教室
1742,2023,11237,大象席地而坐
1743,2023,16612,蘇州河
1744,2023,23886,炎日
1745,2023,26314,春風勁草
1746,2024,29157,再見了！茱莉亞
1747,2024,26856,破墓
1748,2024,19169,薩滿
1749,2024,27237,犯罪都市4
1750,2024,28309,SEVENTEEN TOUR 'FOLLOW' AGAIN TO CINEMAS
1751,2024,28784,再見，福寶
1752,2024,27809,亡命機劫
1753,2024,28112,BLACKPINK WORLD TOUR [BORN PINK] IN CINEMAS
1754,2024,28010,寂噤計畫
1755,2024,28349,變身機長
1756,2024,28533,JUNG KOOK: I AM STILL
1757,2024,28477,aespa: MY First page
1758,2024,26037,鬼車站
1759,2024,27053,屍咒
1760,2024,26405,12.12：首爾之春
1761,2024,28164,絕地逃生
1762,2024,25179,MAMAMOO：MY CON THE MOVIE
1763,2024,26696,外星+人2：回到未來
1764,2024,20981,SEVENTEEN POWER OF LOVE : THE MOVIE
1765,2024,28929,辣手警探2
1766,2024,27048, SUGA | Agust D TOUR ‘D-DAY’ THE MOVIE
1767,2024,28479,鬼花園 : 詛咒
1768,2024,27722,超完美暗殺隊
1769,2024,29439,聽說
1770,2024,29715,IVE The 1st World Tour in Cinema
1771,2024,27606,她死了
1772,2024,27933,找死凶宅
1773,2024,29406,"HIGHLIGHT “LIGHTS GO ON, AGAIN” IN CINEMA"
1774,2024,26381,鬼6怨
1775,2024,23796,8釐米：詛咒影帶
1776,2024,27222,神鬼對決
1777,2024,29470,心葬
1778,2024,26661,金派特攻隊
1779,2024,25736,沒有國家的冠軍
1780,2024,29501,Baekhyun: Lonsdaleite [dot] in Cinemas
1781,2024,27236,aespa: WORLD TOUR in Cinemas
1782,2024,29553,"RM:Right People, Wrong Place"
1783,2024,25588,雉岳山怪談
1784,2024,29630,窺鏡
1785,2024,26562,鬼媽媽的假期
1786,2024,28880,JUNG KOOK: I AM STILL THE PARTY EDITION
1787,2024,26260,全羅道少年殺人事件
1788,2024,29608,NCT DREAM Mystery Lab: DREAM
1789,2024,26353,水鬼
1790,2024,14880,EYES ON ME : THE MOVIE
1791,2024,24206,魯蛇大翻身
1792,2024,29235,在熙的男，朋友
1793,2024,19640,攔截聲命線
1794,2024,27534,首爾單身日記
1795,2024,26786,BTOB
1796,2024,28506,邪體：鬼拼屠
1797,2024,27876,60分鐘亡命直播
1798,2024,26596,露梁：死亡之海
1799,2024,26776,日日好狗日
1800,2024,28918,TAEYONG: TY TRACK IN CINEMAS
1801,2024,28490,警賊黑白衝
1802,2024,28047,塔羅牌
1803,2024,29099,非普通家族
1804,2024,26950,惡獸之戰
1805,2024,28384,XIA CONCERT MOVIE CHAPTER 1：RECREATION
1806,2024,28638,當我的指尖觸碰到你的溫度時
1807,2024,26496,電影版 淘氣小企鵝啵樂樂 超級明星大冒險
1808,2024,29007,幸福國度
1809,2024,29249,薩滿新娘
1810,2024,28760,恐怖日常怪談
1811,2024,28475,FIGHTING！女孩們
1812,2024,28086,愛殺特攻隊
1813,2024,27417,惡鄰羅曼史
1814,2024,28271,《劇場版 SUPER WINGS：究極加速》
1815,2024,19243,腦海中的橡皮擦
1816,2024,26911,下女的誘惑 經典重映
1817,2024,28270,那年夏天，想見妳
1818,2024,26509,韓國都市恐怖怪談：詭手
1819,2024,26806,Strike！娜英
1820,2024,27763,彼此的日子 In Our Day
1821,2024,29371,旅人所嚮
1822,2024,29656,EPIK HIGH 20 THE MOVIE
1823,2024,26618,美麗的聲音
1824,2024,29085,皇后復仇中
1825,2024,27070,超危險警探
1826,2024,26127,餓之必要
1827,2024,25771,我的完美日常
1828,2024,28000,200%小狼人
1829,2024,18110,竊聽風暴
1830,2024,26705,失控教室
1831,2024,27821,56種喝采
1832,2024,27833,怪奇家族
1833,2024,25861,野火蔓延時
1834,2024,26477,戰火下的小狐狸
1835,2024,26571,金髮毒藥
1836,2024,28526,飛鳥總動員
1837,2024,25631,五月的35日
1838,2024,23290,蘿拉快跑
1839,2024,26307,全面監視
1840,2024,17414,未來的我們
1841,2024,26427,巴赫曼-沙漠追愛之旅
1842,2024,27553,維莉狄雅娜
1843,2024,26956,最後一次的生日派對
1844,2024,28987,惡夢偵相
1845,2024,27552,被遺忘的人
1846,2024,27554,泯滅天使
1847,2024,28456,薩滿男孩
1848,2024,27233,如果我可以冬眠
1849,2024,29617,愛與怒
1850,2024,24351,收陰機
1851,2024,26917,盜墓奇美拉
1852,2024,24638,回不去的那座山
1853,2024,27360,如果可以再死一次
1854,2024,27229,少年的漂浪旅程
1855,2024,28179,我們還有明天
1856,2024,27511,教宗家的小兒子
1857,2024,28212,流浪吉普賽
1858,2024,26619,歡迎光臨黑手黨餐廳
1859,2024,25397,在旅途中：方濟各的朝聖之旅
1860,2024,26730,蓋世怪胎
1861,2024,26873,盛夏最溫暖的初戀
1862,2024,27548,不存在的騎士
1863,2024,26756,鬼影直播
1864,2024,26481,巫術
1865,2024,28674,生活瑣事
1866,2024,28158, 情慾出走的女人
1867,2024,28302,流氓驅魔師
1868,2024,28219,小孩不笨3
1869,2024,27047,錢不夠用3：全部夠用
1870,2024,23721,巫母
1871,2024,23888,夏日悄悄話
1872,2024,29155,罪惡對決
1873,2024,29084,這就是聖誕節
1874,2024,26803,踹你死功夫
1875,2024,27549,柏格曼的幽靈
1876,2024,28829,富豪遊戲
1877,2024,28461,湄公河水鬼
1878,2024,26817,鬼怨偶
1879,2024,27768,媽的人生願望
1880,2024,27030,再愛一次
1881,2024,27836,鬼厄犬
1882,2024,29718,鬼妹
1883,2024,29086,草迷宮恐怖殺人事件
1884,2024,27989,血色之路
1885,2024,25081,人類之巔3
1886,2024,29011,靠近維梅爾
1887,2024,26140,富都青年
1888,2024,25182,五月雪
1889,2024,25990,戰場日記
1890,2024,26543,鬼聲泣
1891,2024,27654,金孫爆富攻略
1892,2024,29096,鬼聲泣2
1893,2024,28569,屍控戰場
1894,2024,28280,跳越時空的愛戀
1895,2024,27521,屍油降
1896,2024,26441,送葬人
1897,2024,20265,2gether電影版：只因我們天生一對
1898,2024,27372,鬼妻塚
1899,2024,26990,鬼面女
1900,2024,28279,猛鬼大學：邪無止禁
1901,2024,27784,猛鬼聲泣泣
1902,2024,29717,死命必達
1903,2024,29428,鬼碟仙
1904,2024,26631,邪妓
1905,2024,28301,哈囉！萌鬼屋
1906,2024,28647,鬼禁地
1907,2024,26647,他的最後一個朋友
1908,2024,29610,404宿靈速速逃
1909,2024,28269,暹羅詛咒
1910,2024,27736,分期付款愛上你
1911,2024,29063,荊棘天堂
1912,2024,26501,情牽浮生戲
1913,2024,18137,鬼影
1914,2024,28508,惡業
1915,2024,20314,記憶
1916,2024,27108,屍控大賣場
1917,2024,28485,可恨的初戀！
1918,2024,25777,初戀你我他
1919,2024,26752,唐人街恰恰
1920,2024,20365,世界上最爛的人
1921,2024,18053,女畫家與偷畫賊
1922,2024,28082,荒野心家園
1923,2024,27645,催眠
1924,2024,27550,馬奎斯之愛與群魔
1925,2024,27383,九龍城寨之圍城
1926,2024,26471,金手指
1927,2024,26510,潛行
1928,2024,29190,焚城
1929,2024,29429,破·地獄
1930,2024,26612,臨時劫案
1931,2024,29635,誤判
1932,2024,27822,海關戰線
1933,2024,27002,但願人長久
1934,2024,21732,花樣年華 4K數位修復版
1935,2024,20716,重慶森林 4K數位修復版
1936,2024,26033,年少日記
1937,2024,18149,墮落天使  4K數位修復版
1938,2024,26743,七月返歸
1939,2024,23519,2046 4K數位修復版
1940,2024,29012,我談的那場戀愛
1941,2024,28167,怨泊
1942,2024,23635,毒舌大狀
1943,2024,16139,東邪西毒：終極版
1944,2024,22420,飯戲攻心
1945,2024,26919,白晝如焚
1946,2024,28509,武替道
1947,2024,17126,幻愛
1948,2024,26077,困獸
1949,2024,19986,濁水漂流
1950,2024,26567,爆裂點
1951,2024,26761,飯戲攻心2
1952,2024,26893,填詞L
1953,2024,26762,不是你不愛你
1954,2024,23965,窄路微塵
1955,2024,26690,詩
1956,2024,29466,從今以後
1957,2024,26614,源生罪
1958,2024,26764,反貪風暴之加密危機
1959,2024,18620,春光乍洩  4K數位修復版
1960,2024,23439,投奔怒海
1961,2024,29672,爸爸
1962,2024,27484,來世還作人
1963,2024,27506,全個世界都有電話
1964,2024,26397,夜校
1965,2024,18456,父親
1966,2024,23548,日麗
1967,2024,26779,夢想集中營
1968,2024,27764,逃出狂鯊島
1969,2024,2858,巴黎，德州
1970,2024,28176,九命貓的奇幻旅程
1971,2024,28213,森之聲：猩火燎原
1972,2024,27512,失速芭蕾
1973,2024,27446,嗜殺路人甲
1974,2024,27437,小熊維尼2：噬血維尼
1975,2024,27820,鳥
1976,2024,27651,凡尼亞（英國國家劇院現場）
1977,2024,27813,黑水巷
1978,2024,26804,老橡樹酒館
1979,2024,24717,小提琴天后慕特：愛樂一生
1980,2024,28745,布勒合唱團：直到盡頭 
1981,2024,26885,邪厄恩典
1982,2024,25773,少年Pi的奇幻漂流（英國國家劇院現場）
1983,2024,26750,老鬼當家 
1984,2024,26265,直線偏執狂（英國國家劇院現場）
1985,2024,26148,藍色的你
1986,2024,27841,好人赫德（英國國家劇院現場）
1987,2024,27998,致英格蘭（英國國家劇院現場）
1988,2024,26277,海鷗 （英國國家劇院現場）
1989,2024,28917,布勒合唱團：溫布利球場演唱會
1990,2024,27951,激情年代（英國國家劇院現場）
1991,2024,28108,天生女王
1992,2024,26320,怪胎女孩
1993,2024,25894,塵埃之書：野美人號（英國國家劇院現場）
1994,2024,28828,地獄灰姑娘
1995,2024,29574,Laufey's A Night at the Symphony: Hollywood Bowl
1996,2024,24734,慾望之翼
1997,2024,26932,非關性愛
1998,2024,27786,忙愛不如盲婚
1999,2024,17581,平克佛洛伊德：迷牆
2000,2024,26881,尋找小津
2001,2024,26882,城市時裝速記
2002,2024,18040,法蘭克
2003,2024,21117,捍衛戰士: 獨行俠
2004,2024,27655,腦筋急轉彎2 
2005,2024,24868,不可能的任務：致命清算 第一章
2006,2024,14082,小丑
2007,2024,28065,死侍與金鋼狼
2008,2024,23049,黑豹 2：瓦干達萬歲
2009,2024,26945,哥吉拉與金剛 : 新帝國
2010,2024,26768,沙丘：第二部
2011,2024,24917,奧本海默
2012,2024,26399,水行俠 失落王國 
2013,2024,24938,Barbie芭比
2014,2024,27834,神偷奶爸 4
2015,2024,19182,沙丘
2016,2024,20810,小小兵2:格魯的崛起
2017,2024,28977,猛毒最終章：最後一舞
2018,2024,24499,蜘蛛人：穿越新宇宙
2019,2024,28195,異形：羅穆路斯
2020,2024,29376,海洋奇緣2
2021,2024,26269,旺卡
2022,2024,24784,元素方城市
2023,2024,27384,猩球崛起：王國誕生
2024,2024,26066,驚奇隊長 2 
2025,2024,27947,龍捲風暴
2026,2024,27607,絕地戰警：生死與共
2027,2024,28565,小丑：雙重瘋狂 
2028,2024,26218,飢餓遊戲：鳴鳥與游蛇之歌
2029,2024,25279,私刑教育3
2030,2024,29206,神鬼戰士 2
2031,2024,26581,蜂刑者
2032,2024,24998,GT：跨界玩家
2033,2024,25278,鬼修女II
2034,2024,27481,芙莉歐莎：瘋狂麥斯傳奇篇章
2035,2024,27870,噤界：入侵日
2036,2024,28528,荒野機器人
2037,2024,29401,魔法壞女巫
2038,2024,26243,可憐的東西
2039,2024,26318,星願
2040,2024,29094,紅色一號
2041,2024,29594,獅子王：木法沙
2042,2024,17104,星際效應
2043,2024,26968,功夫熊貓 4
2044,2024,25460,汪汪隊立大功：超級大電影（國語版）
2045,2024,28404,台北追緝令
2046,2024,26678,機密特務:阿蓋爾
2047,2024,26210,拿破崙 
2048,2024,27163,特技玩家
2049,2024,28393,變形金剛：源起
2050,2024,25524,A.I.創世者
2051,2024,26090,泰勒絲 | 年代巡迴演唱會電影
2052,2024,25408,威尼斯魅影謀殺案
2053,2024,25536,奪魂鋸X
2054,2024,28877,懼裂
2055,2024,27343,帝國浩劫：美國內戰
2056,2024,26738,蜘蛛夫人
2057,2024,26338,飛鴨向前衝
2058,2024,25816,花月殺手
2059,2024,27490,加菲貓：農場大冒險
2060,2024,29584,獵人克萊文
2061,2024,25709,大法師:信徒
2062,2024,28109,圈套
2063,2024,28390,陰間大法師 BEETLEJUICE
2064,2024,25892,佛萊迪餐館之五夜驚魂
2065,2024,27952,長腿
2066,2024,26759,天眼救援
2067,2024,28892,微笑 2
2068,2024,27387,幻幻之交
2069,2024,29633,音速小子 3
2070,2024,25429,自由之聲
2071,2024,26940,魔鬼剋星：冰天凍地
2072,2024,25933,超危險保鑣
2073,2024,27045,非紳士特攻隊
2074,2024,25061,忍者龜：變種大亂鬥
2075,2024,26513,法拉利
2076,2024,26842,極限長征
2077,2024,26241,魔髮精靈：樂團在一起 
2078,2024,27914,邪惡勿語
2079,2024,29087,隔壁的房間
2080,2024,26989,天魔：惡之初
2081,2024,26565,愛愛愛上你
2082,2024,26959,鬼聖胎
2083,2024,26926,伏慄熊
2084,2024,26278,無聲夜
2085,2024,27155,窒命危機
2086,2024,28198,邊緣禁地
2087,2024,28403,龍族戰神：重生
2088,2024,24493,小行星城
2089,2024,27153,噬血芭蕾
2090,2024,27625,窺探者
2091,2024,26075,恐怖感恩劫
2092,2024,27877,飛月情海
2093,2024,29083,劊樂小丑3
2094,2024,29513,異教詭屋
2095,2024,29526,魔戒：洛汗人之戰
2096,2024,25493,笨錢效應 
2097,2024,28197,到我們為止
2098,2024,27623,當殺手戀愛時
2099,2024,28839,鬼袋人
2100,2024,16078,銀翼殺手最終版
2101,2024,27173,挑戰者
2102,2024,28233,求救眨眨眼
2103,2024,26229,下一球，勝利
2104,2024,26305,夢行者保羅
2105,2024,26508,叛諜檔案
2106,2024,28782,地獄怪客：歪曲人的詛咒
2107,2024,26716,青春養成記
2108,2024,24467,一個人的朝聖
2109,2024,28738,千萬別放手
2110,2024,25393,偉大的十四世：達賴喇嘛
2111,2024,27810,救援生死線
2112,2024,29082,艾諾拉
2113,2024,27114,怒火狂猴
2114,2024,26775,滯留生
2115,2024,27447,滅世男孩
2116,2024,28534,超完美家政婦
2117,2024,22222,蜘蛛人：無家日 戲院加長版
2118,2024,25141,喜幹會
2119,2024,27522,失憶殺神
2120,2024,28654,孤狼救援
2121,2024,28919,幕前幕後：范克萊本鋼琴大賽
2122,2024,25211,劇場版 PSYCHO-PASS 心靈判官 PROVIDENCE 
2123,2024,26687,佩佩的電影派對（國語版）
2124,2024,26624,一個人的逃亡
2125,2024,27172,蜘蛛驚
2126,2024,28455,羅素克洛之大法師
2127,2024,25985,新核能時代
2128,2024,26796,雷鬼之父：音樂無國界
2129,2024,29188,驚爆封鎖線
2130,2024,28551,逃出搶錢鎮
2131,2024,26339,贖罪日之戰
2132,2024,17496,愛在黎明破曉時
2133,2024,23311,朝聖之路：聖雅各
2134,2024,17486,愛在日落巴黎時
2135,2024,26836,天使之心
2136,2024,27946,不羈騎士
2137,2024,26625,貓王與我
2138,2024,28083,熊貓大冒險 
2139,2024,26805,師情化慾
2140,2024,27546,麥可傑克森：未來的未來演唱會電影
2141,2024,28527,樂一通大戰外星人：粉紅末日
2142,2024,28827,太陽王與人魚：新帝國
2143,2024,26958,彼岸的真相
2144,2024,29166,劊樂小丑2
2145,2024,28928,超／人：克里斯多夫李維傳奇故事
2146,2024,27840,白南準：月亮是最古早的電視
2147,2024,28214,狸太怨
2148,2024,9159,坂本龍一:async紐約現場
2149,2024,27001,瓊拜雅：三重人格
2150,2024,25321,限時引爆
2151,2024,27785,超級殺
2152,2024,28783,來自地獄的邪靈
2153,2024,23787,鬼玩人 4K數位修復版
2154,2024,29065,劊樂小丑
2155,2024,20486,BJ單身日記
2156,2024,26324,壁花男孩
2157,2024,28507,保羅‧賽門：無眠樂章
2158,2024,28761,霸愛之路
2159,2024,26554,醉鄉民謠
2160,2024,26777,紀伯倫哈利勒：先知
2161,2024,21035,超級救援狗
2162,2024,21038,深海獵奇
2163,2024,29619,靈魂的重量
2164,2024,21040,馬達加斯加：狐猴之島
2165,2024,21039,最後的冰川
2166,2024,22118,以你的名字呼喚我
2167,2024,29250,死亡日記
2168,2024,28626,末世生存者
2169,2024,21041,哈勃望遠鏡
2170,2024,28878,全力揮擊
2171,2024,21036,小行星獵人
2172,2024,23288,海底世界
2173,2024,21037,回歸野性
2174,2024,29525,終極制裁者
2175,2024,23287,大熊貓
2176,2024,27769,鬼氣球
2177,2024,28639,靈寓
2178,2024,26387,我不是教你詐
2179,2024,27932,末日倒數12小時
2180,2024,28177,狗狗歌劇院
2181,2024,26403,海豚男孩-國語版
2182,2024,26384,阿爾及爾的末代王后
2183,2024,26760,鬼燭靈
2184,2024,27944,農民：愛慾情謎
2185,2024,24253,鷹勇潛艦
2186,2024,26691,上流誘惑
2187,2024,27046,禁忌之慾
2188,2024,28669,真愛未了情
2189,2024,27558,中產階級拘謹的魅力
2190,2024,28671,熟男不疑惑
2191,2024,28673,當警探戀愛時
2192,2024,27555,女僕日記
2193,2024,27559,自由的幻影
2194,2024,27556,青樓怨婦
2195,2024,29620,惡狼年代
2196,2024,27560,朦朧的慾望
2197,2024,3955,珍妮德爾曼
2198,2024,6581,她與他們的愛情
2199,2024,26430,再見機器人
2200,2024,26257,人犬
2201,2024,26686,墜惡真相
2202,2024,15103,燃燒女子的畫像
2203,2024,26656,火上鍋
2204,2024,19894,鈦
2205,2024,21995,正發生
2206,2024,25764,杜巴利伯爵夫人
2207,2024,27416,瑪麗亞‧蒙特梭利
2208,2024,29471,艾曼紐1974 4K修復版導演版
2209,2024,25828,進化症候群
2210,2024,29527,艾曼紐2024
2211,2024,28069,熱血搜救隊：翻轉世界
2212,2024,27603,明天我就不幹了！
2213,2024,26382,愛情轉移
2214,2024,26941,瑪格麗特戀習題
2215,2024,28501,超時空愛殺
2216,2024,18268,我愛你，你愛她，她愛他
2217,2024,25461,塞納河上的船屋
2218,2024,26368,青春 
2219,2024,27964,時髦女子
2220,2024,21866,春日小戀曲
2221,2024,23872,小淘氣尼古拉：快樂的源頭
2222,2024,27483,宮殿大飯店
2223,2024,27492,再見哥雅：卡葉爾與布紐爾的最後巡禮 
2224,2024,26692,給我個機會
2225,2024,25352,交響狂花
2226,2024,26967,日安，朵朵
2227,2024,25983,琳達想吃雞!
2228,2024,25323,野獸們
2229,2024,27643,萬事通大全
2230,2024,26351,逆轉廢材人生
2231,2024,29427,絕命樂透彩
2232,2024,29593,響亮心重奏
2233,2024,27949,巴黎頌紐約情
2234,2024,28503,歡迎菜老師
2235,2024,28310,鄰家密友
2236,2024,28776,手榴彈‧革命‧還有愛與詩
2237,2024,20136,夏日之戀
2238,2024,26957,愛離巢
2239,2024,26266,茱莉亞四重奏
2240,2024,29189,噠噠噠達利
2241,2024,27463,日落喜劇
2242,2024,26669,戰地琴人
2243,2024,25763, 小嫉妒
2244,2024,26317,魔籽公主
2245,2024,18898,藍色情挑 經典數位修復
2246,2024,18815,紅色情深 經典數位修復
2247,2024,18848,白色情迷 經典數位修復
2248,2024,18814,雙面薇若妮卡 經典數位修復
2249,2024,21399,安達魯之犬
2250,2024,19204,花神咖啡館
2251,2024,27156,大發明家
2252,2024,29484,戰火浮生錄
2253,2024,29481,男歡女愛
2254,2024,18751,四百擊
2255,2024,24254,不思議女人
2256,2024,14845,妙想天開
2257,2024,13268,石榴的顏色
2258,2024,27557,特莉絲坦娜
2259,2024,27770,承諾大海的老師
2260,2024,29605,安眠殺機
2261,2024,18169,我的母親 經典數位修復
2262,2024,26149,雙眼之間
2263,2024,29064,地下終劫站
2264,2024,26794,兩萬種蜜蜂
2265,2024,16947,悄悄告訴她 經典數位修復
2266,2024,16808,玩美女人 經典數位修復
2267,2024,28045,她們的盛夏微愛
2268,2024,18305,顫抖的慾望 經典數位修復
2269,2024,16990,破碎的擁抱 經典數位修復
2270,2024,25101,換宿夜驚魂
2271,2024,18538,瀕臨崩潰邊緣的女人 經典數位修復
2272,2024,26349,荒漠斷背情
2273,2024,29563,風流西班牙: 摩洛哥情事
2274,2024,24213,神鬼第六感
2275,2024,26731,在路上男情難未了
2276,2024,12431,馬奎斯如何成為馬奎斯
2277,2024,27551,布紐爾:超現實電影人
2278,2024,29093,殺
2279,2024,29372,你是我眼中的那道光
2280,2024,29652,模範生禁愛秘密
2281,2024,26150,屍禁
2282,2024,23338,鬼搖靈2：陰語陣陣
2283,2024,27547,鬼舞村：詛咒起源
2284,2024,27495,鬼咧號
2285,2024,28653,薇娜：死後七日
2286,2024,27997,血繼
2287,2024,27235,全境炸裂
2288,2024,26431,網紅教慾
2289,2024,29616,吶喊雷克雅維克
2290,2024,29238,我最喜歡的蛋糕
2291,2024,25177,德黑蘭雙面疑雲
2292,2024,27633,國有器官
2293,2024,20201,麥特與麥斯
2294,2024,24138,烈火焚身
2295,2024,27647,人道主義吸血鬼徵求自願獻身者
2296,2024,26763,親愛的愛莉絲
2297,2024,27485,愛情本性論
2298,2024,27735,紅色房間
2299,2024,26147,無法融化的祕密
2300,2024,27891,魔女荷莉
2301,2024,27158,給我愛過的前任們
2302,2024,23463,灌籃高手 THE FIRST SLAM DUNK
2303,2024,27007,劇場版 排球少年!! 垃圾場的決戰
2304,2024,27668,名偵探柯南 100萬美元的五稜星
2305,2024,25730,蒼鷺與少年
2306,2024,26572,SPY x FAMILY CODE: White
2307,2024,28240,電影蠟筆小新：我們的恐龍日記
2308,2024,28046,驀然回首
2309,2024,26668,「鬼滅之刃」 絆之奇蹟，邁向柱訓練
2310,2024,27950,電影哆啦A夢：大雄的地球交響樂
2311,2024,24925,電影哆啦A夢：大雄與天空的理想鄉
2312,2024,27959,劇場版 藍色監獄 -EPISODE 凪-
2313,2024,26492,魔法公主
2314,2024,27054,機動戰士鋼彈 SEED FREEDOM
2315,2024,26918,特別總集篇 名偵探柯南 vs. 怪盜基德
2316,2024,28491,我的英雄學院劇場版：You’re Next
2317,2024,23602,霍爾的移動城堡
2318,2024,13730,普羅米亞
2319,2024,26666,鬼太郎誕生：咯咯咯之謎
2320,2024,16420,藍色恐懼：4K數位修復版
2321,2024,28478,你的名字。
2322,2024,20610,神隱少女
2323,2024,24544,BLUE GIANT 藍色巨星
2324,2024,15670,我的英雄學院劇場版：英雄新世紀
2325,2024,29097,劇場版 OVERLORD - 聖王國篇
2326,2024,9977,龍貓
2327,2024,26927,GIVEN被贈與的未來劇場版：柊mix
2328,2024,26383,青春豬頭少年不會夢到紅書包女孩
2329,2024,20279,在車上
2330,2024,22878,天空之城
2331,2024,26478,窗邊的小荳荳
2332,2024,19787,嵐 5x20演唱會電影～回憶全記錄～
2333,2024,27600,角落小夥伴電影版：奇幻的玩具工廠
2334,2024,29645,LAST MILE：全面引爆
2335,2024,26553,去唱卡拉OK吧！
2336,2024,28087,劇場版 賽馬娘Pretty Derby：新時代之門
2337,2024,29592,我獨自升級：二次覺醒
2338,2024,27965,劇場總集篇 孤獨搖滾！Re:
2339,2024,25400,劇場版IDOLiSH7-偶像星願- LIVE 4bit BEYOND THE PERiOD<DAY2>
2340,2024,17129,《少女與戰車 最終章》第1+2話
2341,2024,27157,貓的報恩
2342,2024,28735,劇場總集篇 孤獨搖滾！Re:Re:
2343,2024,19000,《少女與戰車 最終章》 第3話
2344,2024,25350,劇場版IDOLiSH7-偶像星願- LIVE 4bit BEYOND THE PERiOD<DAY1>
2345,2024,17498,GIVEN~被贈與的未來 劇場版
2346,2024,23783,魔女宅急便
2347,2024,28752,刀劍神域劇場版-序列爭戰
2348,2024,23115,劇場版 歌之☆王子殿下♪ 真愛ST☆RISH TOURS
2349,2024,26741,《少女與戰車 最終章》 第４話
2350,2024,28160,電影版屁屁偵探：再見親愛的夥伴，屁屁啊
2351,2024,28564,與夢前行  宮﨑駿
2352,2024,26122,電影版 勿說是推理
2353,2024,19687,偶然與想像
2354,2024,3033,情書
2355,2024,27667,秒速5公分
2356,2024,28111,四月，她將到來。
2357,2024,26515,坂本龍一：OPUS
2358,2024,27734,孤獨搖滾！團結Band LIVE-恆星-
2359,2024,28838,鋼之鍊金術師BROTHERHOOD 15週年特別版
2360,2024,28826,銀魂劇場版 2D 一國傾城篇
2361,2024,25324,劇場版 少女☆歌劇 Revue Starlight
2362,2024,26502,光之美少女電影 ALL STARS F
2363,2024,26630,少女與戰車 劇場版
2364,2024,28637,成為星星的少女
2365,2024,26697,超人力霸王布雷薩 THE MOVIE：大怪獸東京決戰
2366,2024,29009,五等分的新娘*
2367,2024,20535,電影版 昨日的美食
2368,2024,26578,劇場版 轉生成女性向遊戲只有毀滅 END 的壞人大小姐
2369,2024,26242,歡迎來到駒田蒸餾所
2370,2024,28777,陰陽師0
2371,2024,25398,岸邊露伴在羅浮
2372,2024,28392,詭異之家
2373,2024,23363,劇場版 弦音 ─初始的一射─
2374,2024,26552,邪惡根本不存在
2375,2024,28063,言葉之庭
2376,2024,27301,完美配對謀殺案
2377,2024,18774,花束般的戀愛
2378,2024,25991,北極百貨的秋乃小姐
2379,2024,29564,PTP：永遠不滅
2380,2024,26778,怪物樵夫
2381,2024,26313,東尼瀧谷:數位經典版
2382,2024,27938,DDDD惡魔的破壞 前編
2383,2024,29517,消失的豪門妻
2384,2024,29643,風都偵探 假面騎士SKULL的肖象
2385,2024,20170,GIVEN~被贈與的未來 劇場版：反面的存在
2386,2024,27501,刀劍亂舞 迴 -虛傳 燃燒的本能寺- 【前篇】
2387,2024,27958,DDDD惡魔的破壞 後編
2388,2024,29390,沙奈：詛咒之歌
2389,2024,28476,我心裡的太陽
2390,2024,28159,派對咖孔明 Road to Summer Sonia
2391,2024,19852,詛咒
2392,2024,19510,心靈遊戲
2393,2024,28753,藍色時期
2394,2024,28377,擅長捉弄人的高木同學 電影版
2395,2024,27812,雲之彼端，約定的地方
2396,2024,28570,麵包超人電影版：細菌人與繪本的露露
2397,2024,25245,少女☆歌劇 Revue Starlight RONDO RONDO RONDO
2398,2024,27648,異國日記
2399,2024,27666,在大雪封閉的山莊裡
2400,2024,27375,Silent Love
2401,2024,26454,寬鬆世代又怎樣：INTERNATIONAL
2402,2024,28778,黑箱日記
2403,2024,25761,詭屋
2404,2024,19094,魔法少女小圓劇場版 [新篇] 叛逆的物語
2405,2024,24835,暗湧情事
2406,2024,28378,刀劍亂舞 迴 -旋傳 親近的侍從們-
2407,2024,27491,鴉色刑事組電影版
2408,2024,27159,假面騎士555 20th 復活的天堂
2409,2024,27379,長夜盡頭的微光
2410,2024,20047,青春特調蜂蜜檸檬蘇打
2411,2024,27811,追逐繁星的孩子
2412,2024,27641,刀劍亂舞 迴 -虛傳 燃燒的本能寺- 【後篇】
2413,2024,26579,法庭遊戲
2414,2024,27014,搬家 4K數位修復版
2415,2024,26949,孤島診療所2022
2416,2024,26253,鄰人Ｘ：謎樣的女子
2417,2024,29187,偶像大師 劇場版: 前往光輝的另一端 經典10週年
2418,2024,24913,四月物語：數位修復版
2419,2024,29465,美妙寵物 光之美少女電影: 心跳加速♡遊戲世界大冒險！
2420,2024,29052,雨中的慾情
2421,2024,27228,假面騎士 THE WINTER MOVIE- 葛查多 & GEATS 最強克米GOTCHA大作戰
2422,2024,27646,星之聲
2423,2024,28231,老師的善意謊言
2424,2024,27523,春畫先生
2425,2024,29516,赤羽骨子的秘密保鑣
2426,2024,28493,我的一夜騎士
2427,2024,26580,愛在閃電下
2428,2024,22801,大逃殺 4K數位修復版
2429,2024,27445,波紋
2430,2024,26398,銀河鐵道之夜
2431,2024,26139,天一亮，就想見到你
2432,2024,8878,無人知曉的夏日清晨
2433,2024,6308,失樂園
2434,2024,28356,自白
2435,2024,26279,花腐
2436,2024,18228,歡樂時光（上）
2437,2024,28840,銀魂劇場版 2D  荊棘惡童篇
2438,2024,27665,在那開滿花的山丘，我想見到妳
2439,2024,27283,魯邦三世 卡里奧斯特羅城 4K數位修復版
2440,2024,28552,仇雲殺機
2441,2024,28504,三日月和貓
2442,2024,27414,BLOODY ESCAPE：地獄的逃走劇
2443,2024,28894,巡演轉學生
2444,2024,18231,歡樂時光（下）
2445,2024,28484,日本人的養成
2446,2024,26426,日安，我的母親
2447,2024,24954,假裝沒事
2448,2024,25059,親密（前編）
2449,2024,28435,來生再見未名的我們
2450,2024,28166,不朽之櫻
2451,2024,26960,冰室蓮司：日本統一 台灣篇
2452,2024,26388,月
2453,2024,26448,風之谷
2454,2024,26648,"Fukuyama Masaharu Live Film Kotodama no Sakiwau Natsu ""Boy Meets The Music"" @Nippon Budokan 2023"
2455,2024,26843,劇場版 森林家族 來自芙蕾雅的禮物 中文版
2456,2024,25129,觸不到的肌膚
2457,2024,28178,最後一擊
2458,2024,29057,黑之牛
2459,2024,25062,景深之中
2460,2024,26682,電影版 X光室的奇蹟
2461,2024,18764,群青戰記
2462,2024,25071,親密（後編）
2463,2024,29389,福田村事件
2464,2024,25992,我家的故事
2465,2024,28655,難言之隱
2466,2024,29514,八犬傳
2467,2024,29237,惡靈怪談
2468,2024,27435,那日清晨真令人感到空虛
2469,2024,24531,搖滾吧！中二樂團
2470,2024,28098,不死戀人
2471,2024,26845,OUT
2472,2024,26514,紅豬
2473,2024,26606,情慾的界線
2474,2024,29653,劇場版「進擊的巨人」完結篇THE LAST ATTACK
2475,2024,28410,我變笨了，請多多指教：媽媽 歡迎回來
2476,2024,28099,大室家-親愛的朋友
2477,2024,28747,空海 【經典數位修復】
2478,2024,27966,大室家-親愛的姊妹
2479,2024,28532,從水深0米開始
2480,2024,23262,鬼壓床了沒
2481,2024,26645,鐵道員
2482,2024,27120,電影版 吹響吧！上低音號～莉茲與青鳥～
2483,2024,22797,殺人結業弒
2484,2024,26880,自戀男神
2485,2024,16958,再見箱舟
2486,2024,29441,納米比亞沙漠直播中
2487,2024,29618,東京戰爭戰後秘語
2488,2024,26617,不完美的愛情革命
2489,2024,29440,薔薇與武士2：海盜女王的回歸（新感線舞台劇第四季）
2490,2024,27029,東京公園
2491,2024,25649,宛如阿修羅
2492,2024,25444,其後
2493,2024,25672,家族遊戲
2494,2024,25650,春天情書
2495,2024,25445,廚房
2496,2024,27986,我來買單
2497,2024,27978,如此這般
2498,2024,25651,未來的回憶
2499,2024,27983,我的夏日旅行
2500,2024,26352,千年決鬥
2501,2024,28385,黑暗之家
2502,2024,26566,細野晴臣：再會美國
2503,2024,27982,藍色假期
2504,2024,27500,花芯蕩漾
2505,2024,27151,偶慾
2506,2024,27382,慾望的盡頭
2507,2024,27327,背德迷情
2508,2024,24754,飛躍吧！金牌英雄
2509,2024,27028,蜜鑰
2510,2024,29689,狐晴明九尾狩（新感線舞台劇第四季）
2511,2024,24094,愛情美樂地
2512,2024,29621,藥頭悲歌II：血染雙手
2513,2024,20729,漂浪人生
2514,2024,27913,荒蕪之地．應許之心
2515,2024,27109,蘇維埃巴士站
2516,2024,26884,自由協議
2517,2024,27180,短句之國
2518,2024,27436,托芙的房間
2519,2024,29328,藥頭悲歌
2520,2024,29622,藥頭悲歌III：死神上門
2521,2024,28114,角頭-大橋頭
2522,2024,25104,粽邪3 :鬼門開
2523,2024,26751,青春18×2 通往有你的旅程
2524,2024,26439,鬼才之道
2525,2024,25994,BIG
2526,2024,25590,周處除三害
2527,2024,25306,女鬼橋2：怨鬼樓
2528,2024,26635,還錢
2529,2024,28090,夏日的檸檬草
2530,2024,25586,惡女
2531,2024,26664,鬼天廈
2532,2024,28395,乒乓男孩
2533,2024,24718,破浪男女
2534,2024,23671,本日公休
2535,2024,25063,老狐狸
2536,2024,21785,哈勇家
2537,2024,23926,車頂上的玄天上帝
2538,2024,25422,小曉
2539,2024,25424,鬼們之蝴蝶大廈
2540,2024,26076,赤心巔峰
2541,2024,27925,嘎啦
2542,2024,23714,八戒
2543,2024,27723,我想和你在一起
2544,2024,29111,台灣超人
2545,2024,26546,莎莉
2546,2024,25222,他馬克老闆
2547,2024,27879,愛的噩夢
2548,2024,27462,愛情城事
2549,2024,28748,餘燼
2550,2024,27567,小雁與吳愛麗
2551,2024,27121,我在這裡等你
2552,2024,29379,鳳姐
2553,2024,28636,愛子歸來
2554,2024,28405,種土
2555,2024,27100,女兒的女兒
2556,2024,19608,該死的阿修羅
2557,2024,27644,千禧曼波
2558,2024,24752,小子
2559,2024,26795,尋找湯德章
2560,2024,26788,看到靈魂的那隻眼 師公
2561,2024,23961,青春並不溫柔
2562,2024,25522,春行
2563,2024,24214,妖怪森林
2564,2024,29611,交換禮物
2565,2024,27175,我父英風
2566,2024,25818,撼山河 撼向世界
2567,2024,28830,默殺：無聲之地
2568,2024,28088,為我辦一場西式的喪禮
2569,2024,15447,日子
2570,2024,20176,諸葛四郎─英雄的英雄
2571,2024,28200,OZONE 青春冒險
2572,2024,24239,我的天堂城市
2573,2024,27961,導演你有病
2574,2024,27017,雪水消融的季節
2575,2024,25728,少男少女
2576,2024,23139,一起一起
2577,2024,27443,阿姨，上學囉！
2578,2024,27328,夏日的文化洋行
2579,2024,27340,環南時候
2580,2024,23934,壞男孩
2581,2024,24257,WOMEN 我們不知道的事
2582,2024,28097,優雅的相遇
2583,2024,23377,（真）新的一天
2584,2024,29502,非想非非想
2585,2024,25737,穿著旗袍的女孩
2586,2024,25312,愛是一把槍
2587,2024,29430,故事 開始的地方—希望閱讀
2588,2024,28311,念念眷村：文學裡的眷村故事
2589,2024,28363,默視錄
2590,2024,27660,客人主人
2591,2024,28070,滿七
2592,2024,26594,她說
2593,2024,26872,以愛之茗
2594,2024,22894,一一
2595,2024,29573,KANO
2596,2024,27415,睏寐之際
2597,2024,16356,恐怖份子
2598,2024,27992,誰殺了比利比莉
2599,2024,26479,魅舞
2600,2024,28611,傷痕-老兵的故事
2601,2024,23701,明天比昨天長久
2602,2024,27179,台北十日
2603,2024,28736,由島至島（上）
2604,2024,28241,戀戀風塵（數位修復版）
2605,2024,28890,曦曦
2606,2024,28242,恐怖份子（數位修復版）
2607,2024,15719,悲情城市
2608,2024,21943,如歌的行板
2609,2024,12236,彩雲飛
2610,2024,26584,一點一滴的死/長夜/一個女人生命中的三小時/山雨欲來
2611,2024,25679,五福女孩/隔河/再見觸身/泳夜
2612,2024,25681,注意看，這個女人⋯⋯/如果時間在此刻停下/我可以暫時逃跑一下嗎？
2613,2024,27873,刺心切骨
2614,2024,12575,風兒踢踏踩
2615,2024,26780,金門
2616,2024,27203,由島至島
2617,2024,28780,危機航線
2618,2024,26560,怒潮
2619,2024,29598,一部未完成的電影
2620,2024,26707,莫斯科行動
2621,2024,20054,藍宇
2622,2024,27178,熊出沒．伴我“熊芯”
2623,2024,26650,石門
2624,2024,27945,前途海量
2625,2024,26568,消失的她
2626,2024,26555,拯救嫌疑人
2627,2024,26428,絕地追擊
2628,2024,26871,新封神榜：楊戩
2629,2024,26742,沉默筆錄
2630,2024,26939,雞蛋和石頭
2631,2024,6091,笨鳥
2632,2024,27234,不丹沒有槍
2633,2024,28207,十字路口的豬
2634,2024,26314,春風勁草
2635,2024,27438,遠方 數位修復版
2636,2024,28411,雪中真相
